(kicad_pcb (version 20171130) (host pcbnew 5.1.8-db9833491~87~ubuntu18.04.1)

  (general
    (thickness 1.6)
    (drawings 28)
    (tracks 2273)
    (zones 0)
    (modules 123)
    (nets 121)
  )

  (page A4)
  (layers
    (0 F.Cu signal)
    (1 In1.Cu power)
    (2 In2.Cu power)
    (31 B.Cu signal)
    (32 B.Adhes user)
    (33 F.Adhes user)
    (34 B.Paste user)
    (35 F.Paste user)
    (36 B.SilkS user)
    (37 F.SilkS user)
    (38 B.Mask user)
    (39 F.Mask user)
    (40 Dwgs.User user)
    (41 Cmts.User user)
    (42 Eco1.User user)
    (43 Eco2.User user)
    (44 Edge.Cuts user)
    (45 Margin user)
    (46 B.CrtYd user)
    (47 F.CrtYd user)
    (48 B.Fab user hide)
    (49 F.Fab user hide)
  )

  (setup
    (last_trace_width 0.15)
    (user_trace_width 0.15)
    (user_trace_width 0.3)
    (user_trace_width 0.5)
    (user_trace_width 1)
    (trace_clearance 0.15)
    (zone_clearance 0.2)
    (zone_45_only no)
    (trace_min 0.15)
    (via_size 0.45)
    (via_drill 0.2)
    (via_min_size 0.45)
    (via_min_drill 0.2)
    (user_via 0.45 0.2)
    (user_via 0.6 0.3)
    (uvia_size 0.3)
    (uvia_drill 0.1)
    (uvias_allowed no)
    (uvia_min_size 0.2)
    (uvia_min_drill 0.1)
    (edge_width 0.15)
    (segment_width 0.2)
    (pcb_text_width 0.3)
    (pcb_text_size 1.5 1.5)
    (mod_edge_width 0.15)
    (mod_text_size 1 1)
    (mod_text_width 0.15)
    (pad_size 6.4 6.4)
    (pad_drill 3.2)
    (pad_to_mask_clearance 0.051)
    (solder_mask_min_width 0.25)
    (aux_axis_origin 0 0)
    (grid_origin 70 150)
    (visible_elements FFFFFF7F)
    (pcbplotparams
      (layerselection 0x010fc_ffffffff)
      (usegerberextensions false)
      (usegerberattributes false)
      (usegerberadvancedattributes false)
      (creategerberjobfile false)
      (excludeedgelayer true)
      (linewidth 0.100000)
      (plotframeref false)
      (viasonmask false)
      (mode 1)
      (useauxorigin false)
      (hpglpennumber 1)
      (hpglpenspeed 20)
      (hpglpendiameter 15.000000)
      (psnegative false)
      (psa4output false)
      (plotreference true)
      (plotvalue true)
      (plotinvisibletext false)
      (padsonsilk false)
      (subtractmaskfromsilk false)
      (outputformat 1)
      (mirror false)
      (drillshape 1)
      (scaleselection 1)
      (outputdirectory ""))
  )

  (net 0 "")
  (net 1 GND)
  (net 2 "Net-(C101-Pad1)")
  (net 3 /PH0)
  (net 4 /PH1)
  (net 5 +3V3)
  (net 6 "Net-(C105-Pad1)")
  (net 7 /VREF)
  (net 8 +5V)
  (net 9 /PC7)
  (net 10 /CAM_D0)
  (net 11 +24V)
  (net 12 "Net-(C135-Pad1)")
  (net 13 "Net-(C136-Pad1)")
  (net 14 "Net-(C140-Pad2)")
  (net 15 "Net-(C140-Pad1)")
  (net 16 "Net-(C141-Pad2)")
  (net 17 "Net-(C141-Pad1)")
  (net 18 "Net-(C144-Pad1)")
  (net 19 "Net-(C145-Pad1)")
  (net 20 "Net-(J101-Pad2)")
  (net 21 /DISP_DIN)
  (net 22 /DISP_CLK)
  (net 23 /DISP_CD)
  (net 24 /DISP_DC)
  (net 25 /DISP_RST)
  (net 26 /DISP_BL)
  (net 27 /CAM_SIOD)
  (net 28 /CAM_SIOC)
  (net 29 /CAM_HSYNC)
  (net 30 /CAM_VSYNC)
  (net 31 /CAM_XCLK)
  (net 32 /CAM_PCLK)
  (net 33 /CAM_D6)
  (net 34 /CAM_D7)
  (net 35 /CAM_D4)
  (net 36 /CAM_D5)
  (net 37 /CAM_D2)
  (net 38 /CAM_D3)
  (net 39 /CAM_D1)
  (net 40 /CAM_PWDN)
  (net 41 /CAM_RESET)
  (net 42 /PB15)
  (net 43 /PC1)
  (net 44 /PA0)
  (net 45 /PB14)
  (net 46 /PB3)
  (net 47 /PG12)
  (net 48 /PA1)
  (net 49 /PA14)
  (net 50 /PA13)
  (net 51 /NRST)
  (net 52 /PC13)
  (net 53 /PC14)
  (net 54 "Net-(R101-Pad1)")
  (net 55 "Net-(R104-Pad1)")
  (net 56 "Net-(R105-Pad1)")
  (net 57 /PB0)
  (net 58 /PA2)
  (net 59 /PA5)
  (net 60 "Net-(R112-Pad2)")
  (net 61 "Net-(R113-Pad2)")
  (net 62 "Net-(R126-Pad2)")
  (net 63 "Net-(R127-Pad2)")
  (net 64 /A0)
  (net 65 /A1)
  (net 66 /A2)
  (net 67 /A3)
  (net 68 /A4)
  (net 69 /A5)
  (net 70 /PC0)
  (net 71 /PF11)
  (net 72 /A6)
  (net 73 /A7)
  (net 74 /A8)
  (net 75 /A9)
  (net 76 /A10)
  (net 77 /A11)
  (net 78 /DQ4)
  (net 79 /DQ5)
  (net 80 /DQ6)
  (net 81 /DQ7)
  (net 82 /DQ8)
  (net 83 /DQ9)
  (net 84 /DQ10)
  (net 85 /DQ11)
  (net 86 /DQ12)
  (net 87 /DQ13)
  (net 88 /DQ14)
  (net 89 /DQ15)
  (net 90 /DQ0)
  (net 91 /DQ1)
  (net 92 /BA0)
  (net 93 /BA1)
  (net 94 /PG8)
  (net 95 /DQ2)
  (net 96 /DQ3)
  (net 97 /PG15)
  (net 98 /PB5)
  (net 99 /PB6)
  (net 100 /NBL0)
  (net 101 /NBL1)
  (net 102 "Net-(D101-Pad2)")
  (net 103 "Net-(D102-Pad2)")
  (net 104 "Net-(D103-Pad2)")
  (net 105 "Net-(D104-Pad2)")
  (net 106 /PC6)
  (net 107 /PA7)
  (net 108 /CAN_H)
  (net 109 /CAN_L)
  (net 110 /ADDR0)
  (net 111 /ADDR1)
  (net 112 /ADDR2)
  (net 113 /ADDR3)
  (net 114 /CAN_TX)
  (net 115 /CAN_RX)
  (net 116 "Net-(L1-Pad3)")
  (net 117 "Net-(D105-Pad2)")
  (net 118 "Net-(L1-Pad1)")
  (net 119 "Net-(J111-Pad1)")
  (net 120 "Net-(R131-Pad2)")

  (net_class Default "This is the default net class."
    (clearance 0.15)
    (trace_width 0.15)
    (via_dia 0.45)
    (via_drill 0.2)
    (uvia_dia 0.3)
    (uvia_drill 0.1)
    (add_net +24V)
    (add_net +3V3)
    (add_net +5V)
    (add_net /ADDR0)
    (add_net /ADDR1)
    (add_net /ADDR2)
    (add_net /ADDR3)
    (add_net /CAN_H)
    (add_net /CAN_L)
    (add_net /CAN_RX)
    (add_net /CAN_TX)
    (add_net /DISP_BL)
    (add_net /DISP_CD)
    (add_net /DISP_DC)
    (add_net /DISP_RST)
    (add_net /PA0)
    (add_net /PA1)
    (add_net /PA13)
    (add_net /PA14)
    (add_net /PA2)
    (add_net /PA5)
    (add_net /PA7)
    (add_net /PB0)
    (add_net /PB14)
    (add_net /PB15)
    (add_net /PB3)
    (add_net /PB5)
    (add_net /PB6)
    (add_net /PC0)
    (add_net /PC1)
    (add_net /PC13)
    (add_net /PC14)
    (add_net /PC6)
    (add_net /PC7)
    (add_net /PF11)
    (add_net /PG12)
    (add_net /PG15)
    (add_net /PG8)
    (add_net /PH0)
    (add_net /PH1)
    (add_net /VREF)
    (add_net GND)
    (add_net "Net-(C101-Pad1)")
    (add_net "Net-(C105-Pad1)")
    (add_net "Net-(C135-Pad1)")
    (add_net "Net-(C136-Pad1)")
    (add_net "Net-(C140-Pad1)")
    (add_net "Net-(C140-Pad2)")
    (add_net "Net-(C141-Pad1)")
    (add_net "Net-(C141-Pad2)")
    (add_net "Net-(C144-Pad1)")
    (add_net "Net-(C145-Pad1)")
    (add_net "Net-(D101-Pad2)")
    (add_net "Net-(D102-Pad2)")
    (add_net "Net-(D103-Pad2)")
    (add_net "Net-(D104-Pad2)")
    (add_net "Net-(D105-Pad2)")
    (add_net "Net-(J101-Pad2)")
    (add_net "Net-(J111-Pad1)")
    (add_net "Net-(L1-Pad1)")
    (add_net "Net-(L1-Pad3)")
    (add_net "Net-(R101-Pad1)")
    (add_net "Net-(R104-Pad1)")
    (add_net "Net-(R105-Pad1)")
    (add_net "Net-(R112-Pad2)")
    (add_net "Net-(R113-Pad2)")
    (add_net "Net-(R126-Pad2)")
    (add_net "Net-(R127-Pad2)")
    (add_net "Net-(R131-Pad2)")
  )

  (net_class 50OhmS ""
    (clearance 0.15)
    (trace_width 0.35)
    (via_dia 0.45)
    (via_drill 0.2)
    (uvia_dia 0.3)
    (uvia_drill 0.1)
    (add_net /A0)
    (add_net /A1)
    (add_net /A10)
    (add_net /A11)
    (add_net /A2)
    (add_net /A3)
    (add_net /A4)
    (add_net /A5)
    (add_net /A6)
    (add_net /A7)
    (add_net /A8)
    (add_net /A9)
    (add_net /BA0)
    (add_net /BA1)
    (add_net /CAM_D0)
    (add_net /CAM_D1)
    (add_net /CAM_D2)
    (add_net /CAM_D3)
    (add_net /CAM_D4)
    (add_net /CAM_D5)
    (add_net /CAM_D6)
    (add_net /CAM_D7)
    (add_net /CAM_HSYNC)
    (add_net /CAM_PCLK)
    (add_net /CAM_PWDN)
    (add_net /CAM_RESET)
    (add_net /CAM_SIOC)
    (add_net /CAM_SIOD)
    (add_net /CAM_VSYNC)
    (add_net /CAM_XCLK)
    (add_net /DISP_CLK)
    (add_net /DISP_DIN)
    (add_net /DQ0)
    (add_net /DQ1)
    (add_net /DQ10)
    (add_net /DQ11)
    (add_net /DQ12)
    (add_net /DQ13)
    (add_net /DQ14)
    (add_net /DQ15)
    (add_net /DQ2)
    (add_net /DQ3)
    (add_net /DQ4)
    (add_net /DQ5)
    (add_net /DQ6)
    (add_net /DQ7)
    (add_net /DQ8)
    (add_net /DQ9)
    (add_net /NBL0)
    (add_net /NBL1)
    (add_net /NRST)
  )

  (module ProjectFootprints:ST7789_Waveshare (layer F.Cu) (tedit 601AB15C) (tstamp 60041545)
    (at 126.5 111)
    (path /60053F23)
    (fp_text reference J104 (at 0.1 2.6) (layer F.SilkS)
      (effects (font (size 1 1) (thickness 0.15)))
    )
    (fp_text value Conn_01x08_Male (at -5 7.5) (layer F.Fab)
      (effects (font (size 1 1) (thickness 0.15)))
    )
    (fp_line (start 2.5 -26.39) (end -55.5 -26.39) (layer Dwgs.User) (width 0.1))
    (fp_line (start -55.5 -26.39) (end -55.5 8.61) (layer Dwgs.User) (width 0.1))
    (fp_line (start -55.5 8.61) (end 2.5 8.61) (layer Dwgs.User) (width 0.1))
    (fp_line (start 2.5 8.61) (end 2.5 -26.39) (layer Dwgs.User) (width 0.1))
    (pad 16 thru_hole circle (at 2.54 0) (size 1.7 1.7) (drill 1) (layers *.Cu *.Mask))
    (pad 15 thru_hole circle (at 2.54 -2.54) (size 1.7 1.7) (drill 1) (layers *.Cu *.Mask))
    (pad 14 thru_hole circle (at 2.54 -5.08) (size 1.7 1.7) (drill 1) (layers *.Cu *.Mask))
    (pad 13 thru_hole circle (at 2.54 -7.62) (size 1.7 1.7) (drill 1) (layers *.Cu *.Mask))
    (pad 12 thru_hole circle (at 2.54 -10.16) (size 1.7 1.7) (drill 1) (layers *.Cu *.Mask))
    (pad 11 thru_hole circle (at 2.54 -12.7) (size 1.7 1.7) (drill 1) (layers *.Cu *.Mask)
      (net 58 /PA2))
    (pad 10 thru_hole circle (at 2.54 -15.24) (size 1.7 1.7) (drill 1) (layers *.Cu *.Mask)
      (net 106 /PC6))
    (pad 9 thru_hole circle (at 2.54 -17.78) (size 1.7 1.7) (drill 1) (layers *.Cu *.Mask)
      (net 9 /PC7))
    (pad "" np_thru_hole circle (at -53 6.11) (size 3 3) (drill 1.5) (layers *.Cu *.Mask))
    (pad "" np_thru_hole circle (at 0 6.11) (size 3 3) (drill 1.5) (layers *.Cu *.Mask))
    (pad "" np_thru_hole circle (at -53 -23.89) (size 3 3) (drill 1.5) (layers *.Cu *.Mask))
    (pad "" np_thru_hole circle (at 0 -23.89) (size 3 3) (drill 1.5) (layers *.Cu *.Mask))
    (pad 8 thru_hole circle (at 0 -17.78) (size 1.7 1.7) (drill 1) (layers *.Cu *.Mask)
      (net 26 /DISP_BL))
    (pad 7 thru_hole circle (at 0 -15.24) (size 1.7 1.7) (drill 1) (layers *.Cu *.Mask)
      (net 25 /DISP_RST))
    (pad 6 thru_hole circle (at 0 -12.7) (size 1.7 1.7) (drill 1) (layers *.Cu *.Mask)
      (net 24 /DISP_DC))
    (pad 5 thru_hole circle (at 0 -10.16) (size 1.7 1.7) (drill 1) (layers *.Cu *.Mask)
      (net 23 /DISP_CD))
    (pad 4 thru_hole circle (at 0 -7.62) (size 1.7 1.7) (drill 1) (layers *.Cu *.Mask)
      (net 22 /DISP_CLK))
    (pad 3 thru_hole circle (at 0 -5.08) (size 1.7 1.7) (drill 1) (layers *.Cu *.Mask)
      (net 21 /DISP_DIN))
    (pad 2 thru_hole circle (at 0 -2.54) (size 1.7 1.7) (drill 1) (layers *.Cu *.Mask)
      (net 1 GND))
    (pad 1 thru_hole circle (at 0 0) (size 1.7 1.7) (drill 1) (layers *.Cu *.Mask)
      (net 5 +3V3))
  )

  (module Connector_PinHeader_2.54mm:PinHeader_2x09_P2.54mm_Vertical (layer F.Cu) (tedit 59FED5CC) (tstamp 601C17F3)
    (at 121 145.5 270)
    (descr "Through hole straight pin header, 2x09, 2.54mm pitch, double rows")
    (tags "Through hole pin header THT 2x09 2.54mm double row")
    (path /60053EA6)
    (fp_text reference J105 (at -2.5 20 180) (layer F.SilkS)
      (effects (font (size 1 1) (thickness 0.15)))
    )
    (fp_text value Conn_02x09_Odd_Even (at 1.27 22.65 270) (layer F.Fab)
      (effects (font (size 1 1) (thickness 0.15)))
    )
    (fp_line (start 4.35 -1.8) (end -1.8 -1.8) (layer F.CrtYd) (width 0.05))
    (fp_line (start 4.35 22.1) (end 4.35 -1.8) (layer F.CrtYd) (width 0.05))
    (fp_line (start -1.8 22.1) (end 4.35 22.1) (layer F.CrtYd) (width 0.05))
    (fp_line (start -1.8 -1.8) (end -1.8 22.1) (layer F.CrtYd) (width 0.05))
    (fp_line (start -1.33 -1.33) (end 0 -1.33) (layer F.SilkS) (width 0.12))
    (fp_line (start -1.33 0) (end -1.33 -1.33) (layer F.SilkS) (width 0.12))
    (fp_line (start 1.27 -1.33) (end 3.87 -1.33) (layer F.SilkS) (width 0.12))
    (fp_line (start 1.27 1.27) (end 1.27 -1.33) (layer F.SilkS) (width 0.12))
    (fp_line (start -1.33 1.27) (end 1.27 1.27) (layer F.SilkS) (width 0.12))
    (fp_line (start 3.87 -1.33) (end 3.87 21.65) (layer F.SilkS) (width 0.12))
    (fp_line (start -1.33 1.27) (end -1.33 21.65) (layer F.SilkS) (width 0.12))
    (fp_line (start -1.33 21.65) (end 3.87 21.65) (layer F.SilkS) (width 0.12))
    (fp_line (start -1.27 0) (end 0 -1.27) (layer F.Fab) (width 0.1))
    (fp_line (start -1.27 21.59) (end -1.27 0) (layer F.Fab) (width 0.1))
    (fp_line (start 3.81 21.59) (end -1.27 21.59) (layer F.Fab) (width 0.1))
    (fp_line (start 3.81 -1.27) (end 3.81 21.59) (layer F.Fab) (width 0.1))
    (fp_line (start 0 -1.27) (end 3.81 -1.27) (layer F.Fab) (width 0.1))
    (fp_text user %R (at 1.27 10.16) (layer F.Fab)
      (effects (font (size 1 1) (thickness 0.15)))
    )
    (pad 1 thru_hole rect (at 0 0 270) (size 1.7 1.7) (drill 1) (layers *.Cu *.Mask)
      (net 1 GND))
    (pad 2 thru_hole oval (at 2.54 0 270) (size 1.7 1.7) (drill 1) (layers *.Cu *.Mask)
      (net 5 +3V3))
    (pad 3 thru_hole oval (at 0 2.54 270) (size 1.7 1.7) (drill 1) (layers *.Cu *.Mask)
      (net 27 /CAM_SIOD))
    (pad 4 thru_hole oval (at 2.54 2.54 270) (size 1.7 1.7) (drill 1) (layers *.Cu *.Mask)
      (net 28 /CAM_SIOC))
    (pad 5 thru_hole oval (at 0 5.08 270) (size 1.7 1.7) (drill 1) (layers *.Cu *.Mask)
      (net 29 /CAM_HSYNC))
    (pad 6 thru_hole oval (at 2.54 5.08 270) (size 1.7 1.7) (drill 1) (layers *.Cu *.Mask)
      (net 30 /CAM_VSYNC))
    (pad 7 thru_hole oval (at 0 7.62 270) (size 1.7 1.7) (drill 1) (layers *.Cu *.Mask)
      (net 31 /CAM_XCLK))
    (pad 8 thru_hole oval (at 2.54 7.62 270) (size 1.7 1.7) (drill 1) (layers *.Cu *.Mask)
      (net 32 /CAM_PCLK))
    (pad 9 thru_hole oval (at 0 10.16 270) (size 1.7 1.7) (drill 1) (layers *.Cu *.Mask)
      (net 33 /CAM_D6))
    (pad 10 thru_hole oval (at 2.54 10.16 270) (size 1.7 1.7) (drill 1) (layers *.Cu *.Mask)
      (net 34 /CAM_D7))
    (pad 11 thru_hole oval (at 0 12.7 270) (size 1.7 1.7) (drill 1) (layers *.Cu *.Mask)
      (net 35 /CAM_D4))
    (pad 12 thru_hole oval (at 2.54 12.7 270) (size 1.7 1.7) (drill 1) (layers *.Cu *.Mask)
      (net 36 /CAM_D5))
    (pad 13 thru_hole oval (at 0 15.24 270) (size 1.7 1.7) (drill 1) (layers *.Cu *.Mask)
      (net 37 /CAM_D2))
    (pad 14 thru_hole oval (at 2.54 15.24 270) (size 1.7 1.7) (drill 1) (layers *.Cu *.Mask)
      (net 38 /CAM_D3))
    (pad 15 thru_hole oval (at 0 17.78 270) (size 1.7 1.7) (drill 1) (layers *.Cu *.Mask)
      (net 10 /CAM_D0))
    (pad 16 thru_hole oval (at 2.54 17.78 270) (size 1.7 1.7) (drill 1) (layers *.Cu *.Mask)
      (net 39 /CAM_D1))
    (pad 17 thru_hole oval (at 0 20.32 270) (size 1.7 1.7) (drill 1) (layers *.Cu *.Mask)
      (net 40 /CAM_PWDN))
    (pad 18 thru_hole oval (at 2.54 20.32 270) (size 1.7 1.7) (drill 1) (layers *.Cu *.Mask)
      (net 41 /CAM_RESET))
    (model "${KIPRJMOD}/KiCAD_Library/STEP/18-Pin Shrouded Header (IDC) Straight.stp"
      (at (xyz 0 0 0))
      (scale (xyz 1 1 1))
      (rotate (xyz 0 0 -90))
    )
  )

  (module ProjectFootprints:TactileSwitchLCSC (layer F.Cu) (tedit 60107A3A) (tstamp 601B3DE3)
    (at 133.2 66.05 90)
    (path /6033743F)
    (fp_text reference SW102 (at 5.75 -1.2 180) (layer F.SilkS)
      (effects (font (size 1 1) (thickness 0.15)))
    )
    (fp_text value SW_Push (at 0 -0.5 90) (layer F.Fab)
      (effects (font (size 1 1) (thickness 0.15)))
    )
    (pad 2 thru_hole circle (at 2.25 0 90) (size 2.1 2.1) (drill 1.2) (layers *.Cu *.Mask)
      (net 51 /NRST))
    (pad 2 thru_hole circle (at -2.25 0 90) (size 2.1 2.1) (drill 1.2) (layers *.Cu *.Mask)
      (net 51 /NRST))
    (pad 1 thru_hole circle (at 3.6 -2.5 90) (size 2.1 2.1) (drill 1.4) (layers *.Cu *.Mask)
      (net 1 GND))
    (pad 1 thru_hole circle (at -3.6 -2.5 90) (size 2.1 2.1) (drill 1.4) (layers *.Cu *.Mask)
      (net 1 GND))
    (model ${KIPRJMOD}/KiCAD_Library/STEP/TS6-THT-RA_H-5.0.step
      (offset (xyz 0 -2.3 0))
      (scale (xyz 1 1 1))
      (rotate (xyz 0 0 0))
    )
  )

  (module ProjectFootprints:Empty (layer F.Cu) (tedit 60192699) (tstamp 601951B3)
    (at 130 128)
    (path /601EB0C2)
    (fp_text reference U107 (at -0.5 -1.25) (layer F.SilkS) hide
      (effects (font (size 1 1) (thickness 0.15)))
    )
    (fp_text value "IDC Connector 18P" (at -0.5 -1.5) (layer F.Fab)
      (effects (font (size 1 1) (thickness 0.15)))
    )
    (fp_line (start 0 0) (end 1 0) (layer Dwgs.User) (width 0.12))
  )

  (module ProjectFootprints:Empty (layer F.Cu) (tedit 60192699) (tstamp 601951AE)
    (at 130 130)
    (path /601E6B94)
    (fp_text reference U106 (at -0.5 -1.25) (layer F.SilkS) hide
      (effects (font (size 1 1) (thickness 0.15)))
    )
    (fp_text value "IDC Connector 18P" (at -0.5 -1.5) (layer F.Fab)
      (effects (font (size 1 1) (thickness 0.15)))
    )
    (fp_line (start 0 0) (end 1 0) (layer Dwgs.User) (width 0.12))
  )

  (module ProjectFootprints:Empty (layer F.Cu) (tedit 60192699) (tstamp 60194805)
    (at 130 129)
    (path /6025AD06)
    (fp_text reference J112 (at -0.5 -1.25) (layer F.SilkS) hide
      (effects (font (size 1 1) (thickness 0.15)))
    )
    (fp_text value "IPC 16P" (at -0.5 -1.5) (layer F.Fab)
      (effects (font (size 1 1) (thickness 0.15)))
    )
    (fp_line (start 0 0) (end 1 0) (layer Dwgs.User) (width 0.12))
  )

  (module ProjectFootprints:L_CommonModeChoke_Coilcraft_1812CAN (layer F.Cu) (tedit 600F19ED) (tstamp 601D6596)
    (at 105.6 66.2)
    (descr "Coilcraft 1812CAN Series Common Mode Choke, https://www.coilcraft.com/pdfs/1812can.pdf")
    (tags "surface mount common mode bead")
    (path /608E0B2D)
    (attr smd)
    (fp_text reference L1 (at 0 4) (layer F.SilkS)
      (effects (font (size 1 1) (thickness 0.15)))
    )
    (fp_text value DNP (at 0 -4) (layer F.Fab)
      (effects (font (size 1 1) (thickness 0.15)))
    )
    (fp_line (start -1.59 2.475) (end 1.59 2.475) (layer F.Fab) (width 0.1))
    (fp_line (start -0.89 -2.475) (end 1.59 -2.475) (layer F.Fab) (width 0.1))
    (fp_line (start 1.59 -2.475) (end 1.59 2.475) (layer F.Fab) (width 0.1))
    (fp_line (start -1.59 -1.78) (end -1.59 2.475) (layer F.Fab) (width 0.1))
    (fp_line (start -1.59 -1.78) (end -0.89 -2.475) (layer F.Fab) (width 0.1))
    (fp_line (start -1.71 -2.595) (end -1.71 2.595) (layer F.SilkS) (width 0.12))
    (fp_line (start -1.71 2.595) (end 1.71 2.595) (layer F.SilkS) (width 0.12))
    (fp_line (start 1.71 -2.595) (end 1.71 2.595) (layer F.SilkS) (width 0.12))
    (fp_line (start -1.71 -2.595) (end 1.71 -2.595) (layer F.SilkS) (width 0.12))
    (fp_line (start -1.95 -2.845) (end -1.95 -1.4) (layer F.SilkS) (width 0.12))
    (fp_line (start -1.95 -2.845) (end -0.35 -2.845) (layer F.SilkS) (width 0.12))
    (fp_line (start -1.84 -2.73) (end 1.84 -2.73) (layer F.CrtYd) (width 0.05))
    (fp_line (start -1.84 2.73) (end -1.84 -2.73) (layer F.CrtYd) (width 0.05))
    (fp_line (start -1.84 2.73) (end 1.84 2.73) (layer F.CrtYd) (width 0.05))
    (fp_line (start 1.84 2.73) (end 1.84 -2.73) (layer F.CrtYd) (width 0.05))
    (fp_text user %R (at 0 0 90) (layer F.Fab)
      (effects (font (size 1 1) (thickness 0.15)))
    )
    (pad 4 smd roundrect (at 0.865 -1.84) (size 1.15 1) (layers F.Cu F.Paste F.Mask) (roundrect_rratio 0.05)
      (net 109 /CAN_L))
    (pad 3 smd roundrect (at 0.865 1.84) (size 1.15 1) (layers F.Cu F.Paste F.Mask) (roundrect_rratio 0.05)
      (net 116 "Net-(L1-Pad3)"))
    (pad 1 smd roundrect (at -0.865 1.84) (size 1.15 1) (layers F.Cu F.Paste F.Mask) (roundrect_rratio 0.05)
      (net 118 "Net-(L1-Pad1)"))
    (pad 2 smd roundrect (at -0.865 -1.84) (size 1.15 1) (layers F.Cu F.Paste F.Mask) (roundrect_rratio 0.05)
      (net 108 /CAN_H))
    (model ${KISYS3DMOD}/Inductor_SMD.3dshapes/L_CommonModeChoke_Coilcraft_1812CAN.wrl
      (at (xyz 0 0 0))
      (scale (xyz 1 1 1))
      (rotate (xyz 0 0 0))
    )
  )

  (module Capacitor_SMD:C_1210_3225Metric (layer F.Cu) (tedit 5B301BBE) (tstamp 600542C2)
    (at 86.6 90.5 90)
    (descr "Capacitor SMD 1210 (3225 Metric), square (rectangular) end terminal, IPC_7351 nominal, (Body size source: http://www.tortai-tech.com/upload/download/2011102023233369053.pdf), generated with kicad-footprint-generator")
    (tags capacitor)
    (path /60053DE1)
    (attr smd)
    (fp_text reference C101 (at 0 -2.28 90) (layer F.SilkS)
      (effects (font (size 1 1) (thickness 0.15)))
    )
    (fp_text value 2.2u (at 0 2.28 90) (layer F.Fab)
      (effects (font (size 1 1) (thickness 0.15)))
    )
    (fp_line (start -1.6 1.25) (end -1.6 -1.25) (layer F.Fab) (width 0.1))
    (fp_line (start -1.6 -1.25) (end 1.6 -1.25) (layer F.Fab) (width 0.1))
    (fp_line (start 1.6 -1.25) (end 1.6 1.25) (layer F.Fab) (width 0.1))
    (fp_line (start 1.6 1.25) (end -1.6 1.25) (layer F.Fab) (width 0.1))
    (fp_line (start -0.602064 -1.36) (end 0.602064 -1.36) (layer F.SilkS) (width 0.12))
    (fp_line (start -0.602064 1.36) (end 0.602064 1.36) (layer F.SilkS) (width 0.12))
    (fp_line (start -2.28 1.58) (end -2.28 -1.58) (layer F.CrtYd) (width 0.05))
    (fp_line (start -2.28 -1.58) (end 2.28 -1.58) (layer F.CrtYd) (width 0.05))
    (fp_line (start 2.28 -1.58) (end 2.28 1.58) (layer F.CrtYd) (width 0.05))
    (fp_line (start 2.28 1.58) (end -2.28 1.58) (layer F.CrtYd) (width 0.05))
    (fp_text user %R (at 0 0 90) (layer F.Fab)
      (effects (font (size 0.8 0.8) (thickness 0.12)))
    )
    (pad 2 smd roundrect (at 1.4 0 90) (size 1.25 2.65) (layers F.Cu F.Paste F.Mask) (roundrect_rratio 0.2)
      (net 1 GND))
    (pad 1 smd roundrect (at -1.4 0 90) (size 1.25 2.65) (layers F.Cu F.Paste F.Mask) (roundrect_rratio 0.2)
      (net 2 "Net-(C101-Pad1)"))
    (model ${KISYS3DMOD}/Capacitor_SMD.3dshapes/C_1210_3225Metric.wrl
      (at (xyz 0 0 0))
      (scale (xyz 1 1 1))
      (rotate (xyz 0 0 0))
    )
  )

  (module Capacitor_SMD:C_0603_1608Metric (layer F.Cu) (tedit 5B301BBE) (tstamp 60054322)
    (at 117.325 105.4)
    (descr "Capacitor SMD 0603 (1608 Metric), square (rectangular) end terminal, IPC_7351 nominal, (Body size source: http://www.tortai-tech.com/upload/download/2011102023233369053.pdf), generated with kicad-footprint-generator")
    (tags capacitor)
    (path /60053DC1)
    (attr smd)
    (fp_text reference C102 (at 0.05 1.65) (layer F.SilkS)
      (effects (font (size 1 1) (thickness 0.15)))
    )
    (fp_text value 18p (at 0 1.43) (layer F.Fab)
      (effects (font (size 1 1) (thickness 0.15)))
    )
    (fp_line (start -0.8 0.4) (end -0.8 -0.4) (layer F.Fab) (width 0.1))
    (fp_line (start -0.8 -0.4) (end 0.8 -0.4) (layer F.Fab) (width 0.1))
    (fp_line (start 0.8 -0.4) (end 0.8 0.4) (layer F.Fab) (width 0.1))
    (fp_line (start 0.8 0.4) (end -0.8 0.4) (layer F.Fab) (width 0.1))
    (fp_line (start -0.162779 -0.51) (end 0.162779 -0.51) (layer F.SilkS) (width 0.12))
    (fp_line (start -0.162779 0.51) (end 0.162779 0.51) (layer F.SilkS) (width 0.12))
    (fp_line (start -1.48 0.73) (end -1.48 -0.73) (layer F.CrtYd) (width 0.05))
    (fp_line (start -1.48 -0.73) (end 1.48 -0.73) (layer F.CrtYd) (width 0.05))
    (fp_line (start 1.48 -0.73) (end 1.48 0.73) (layer F.CrtYd) (width 0.05))
    (fp_line (start 1.48 0.73) (end -1.48 0.73) (layer F.CrtYd) (width 0.05))
    (fp_text user %R (at 0 0) (layer F.Fab)
      (effects (font (size 0.4 0.4) (thickness 0.06)))
    )
    (pad 2 smd roundrect (at 0.7875 0) (size 0.875 0.95) (layers F.Cu F.Paste F.Mask) (roundrect_rratio 0.25)
      (net 1 GND))
    (pad 1 smd roundrect (at -0.7875 0) (size 0.875 0.95) (layers F.Cu F.Paste F.Mask) (roundrect_rratio 0.25)
      (net 3 /PH0))
    (model ${KISYS3DMOD}/Capacitor_SMD.3dshapes/C_0603_1608Metric.wrl
      (at (xyz 0 0 0))
      (scale (xyz 1 1 1))
      (rotate (xyz 0 0 0))
    )
  )

  (module Capacitor_SMD:C_0603_1608Metric (layer F.Cu) (tedit 5B301BBE) (tstamp 60054352)
    (at 120.75 102.7 270)
    (descr "Capacitor SMD 0603 (1608 Metric), square (rectangular) end terminal, IPC_7351 nominal, (Body size source: http://www.tortai-tech.com/upload/download/2011102023233369053.pdf), generated with kicad-footprint-generator")
    (tags capacitor)
    (path /60053DC9)
    (attr smd)
    (fp_text reference C103 (at 0 -1.43 270) (layer F.SilkS)
      (effects (font (size 1 1) (thickness 0.15)))
    )
    (fp_text value 18p (at 0 1.43 270) (layer F.Fab)
      (effects (font (size 1 1) (thickness 0.15)))
    )
    (fp_line (start 1.48 0.73) (end -1.48 0.73) (layer F.CrtYd) (width 0.05))
    (fp_line (start 1.48 -0.73) (end 1.48 0.73) (layer F.CrtYd) (width 0.05))
    (fp_line (start -1.48 -0.73) (end 1.48 -0.73) (layer F.CrtYd) (width 0.05))
    (fp_line (start -1.48 0.73) (end -1.48 -0.73) (layer F.CrtYd) (width 0.05))
    (fp_line (start -0.162779 0.51) (end 0.162779 0.51) (layer F.SilkS) (width 0.12))
    (fp_line (start -0.162779 -0.51) (end 0.162779 -0.51) (layer F.SilkS) (width 0.12))
    (fp_line (start 0.8 0.4) (end -0.8 0.4) (layer F.Fab) (width 0.1))
    (fp_line (start 0.8 -0.4) (end 0.8 0.4) (layer F.Fab) (width 0.1))
    (fp_line (start -0.8 -0.4) (end 0.8 -0.4) (layer F.Fab) (width 0.1))
    (fp_line (start -0.8 0.4) (end -0.8 -0.4) (layer F.Fab) (width 0.1))
    (fp_text user %R (at 0 0 270) (layer F.Fab)
      (effects (font (size 0.4 0.4) (thickness 0.06)))
    )
    (pad 1 smd roundrect (at -0.7875 0 270) (size 0.875 0.95) (layers F.Cu F.Paste F.Mask) (roundrect_rratio 0.25)
      (net 4 /PH1))
    (pad 2 smd roundrect (at 0.7875 0 270) (size 0.875 0.95) (layers F.Cu F.Paste F.Mask) (roundrect_rratio 0.25)
      (net 1 GND))
    (model ${KISYS3DMOD}/Capacitor_SMD.3dshapes/C_0603_1608Metric.wrl
      (at (xyz 0 0 0))
      (scale (xyz 1 1 1))
      (rotate (xyz 0 0 0))
    )
  )

  (module Capacitor_SMD:C_0603_1608Metric (layer F.Cu) (tedit 5B301BBE) (tstamp 60054C0A)
    (at 111.8 105.55)
    (descr "Capacitor SMD 0603 (1608 Metric), square (rectangular) end terminal, IPC_7351 nominal, (Body size source: http://www.tortai-tech.com/upload/download/2011102023233369053.pdf), generated with kicad-footprint-generator")
    (tags capacitor)
    (path /60053D09)
    (attr smd)
    (fp_text reference C104 (at 0 -1.43) (layer F.SilkS)
      (effects (font (size 1 1) (thickness 0.15)))
    )
    (fp_text value 100n (at 0 1.43) (layer F.Fab)
      (effects (font (size 1 1) (thickness 0.15)))
    )
    (fp_line (start 1.48 0.73) (end -1.48 0.73) (layer F.CrtYd) (width 0.05))
    (fp_line (start 1.48 -0.73) (end 1.48 0.73) (layer F.CrtYd) (width 0.05))
    (fp_line (start -1.48 -0.73) (end 1.48 -0.73) (layer F.CrtYd) (width 0.05))
    (fp_line (start -1.48 0.73) (end -1.48 -0.73) (layer F.CrtYd) (width 0.05))
    (fp_line (start -0.162779 0.51) (end 0.162779 0.51) (layer F.SilkS) (width 0.12))
    (fp_line (start -0.162779 -0.51) (end 0.162779 -0.51) (layer F.SilkS) (width 0.12))
    (fp_line (start 0.8 0.4) (end -0.8 0.4) (layer F.Fab) (width 0.1))
    (fp_line (start 0.8 -0.4) (end 0.8 0.4) (layer F.Fab) (width 0.1))
    (fp_line (start -0.8 -0.4) (end 0.8 -0.4) (layer F.Fab) (width 0.1))
    (fp_line (start -0.8 0.4) (end -0.8 -0.4) (layer F.Fab) (width 0.1))
    (fp_text user %R (at 0 0) (layer F.Fab)
      (effects (font (size 0.4 0.4) (thickness 0.06)))
    )
    (pad 1 smd roundrect (at -0.7875 0) (size 0.875 0.95) (layers F.Cu F.Paste F.Mask) (roundrect_rratio 0.25)
      (net 5 +3V3))
    (pad 2 smd roundrect (at 0.7875 0) (size 0.875 0.95) (layers F.Cu F.Paste F.Mask) (roundrect_rratio 0.25)
      (net 1 GND))
    (model ${KISYS3DMOD}/Capacitor_SMD.3dshapes/C_0603_1608Metric.wrl
      (at (xyz 0 0 0))
      (scale (xyz 1 1 1))
      (rotate (xyz 0 0 0))
    )
  )

  (module Capacitor_SMD:C_1210_3225Metric (layer F.Cu) (tedit 5B301BBE) (tstamp 60054C3D)
    (at 81.8 114.05 270)
    (descr "Capacitor SMD 1210 (3225 Metric), square (rectangular) end terminal, IPC_7351 nominal, (Body size source: http://www.tortai-tech.com/upload/download/2011102023233369053.pdf), generated with kicad-footprint-generator")
    (tags capacitor)
    (path /60053DE9)
    (attr smd)
    (fp_text reference C105 (at 4.55 0 270) (layer F.SilkS)
      (effects (font (size 1 1) (thickness 0.15)))
    )
    (fp_text value 2.2u (at 0 2.28 270) (layer F.Fab)
      (effects (font (size 1 1) (thickness 0.15)))
    )
    (fp_line (start 2.28 1.58) (end -2.28 1.58) (layer F.CrtYd) (width 0.05))
    (fp_line (start 2.28 -1.58) (end 2.28 1.58) (layer F.CrtYd) (width 0.05))
    (fp_line (start -2.28 -1.58) (end 2.28 -1.58) (layer F.CrtYd) (width 0.05))
    (fp_line (start -2.28 1.58) (end -2.28 -1.58) (layer F.CrtYd) (width 0.05))
    (fp_line (start -0.602064 1.36) (end 0.602064 1.36) (layer F.SilkS) (width 0.12))
    (fp_line (start -0.602064 -1.36) (end 0.602064 -1.36) (layer F.SilkS) (width 0.12))
    (fp_line (start 1.6 1.25) (end -1.6 1.25) (layer F.Fab) (width 0.1))
    (fp_line (start 1.6 -1.25) (end 1.6 1.25) (layer F.Fab) (width 0.1))
    (fp_line (start -1.6 -1.25) (end 1.6 -1.25) (layer F.Fab) (width 0.1))
    (fp_line (start -1.6 1.25) (end -1.6 -1.25) (layer F.Fab) (width 0.1))
    (fp_text user %R (at 0 0 270) (layer F.Fab)
      (effects (font (size 0.8 0.8) (thickness 0.12)))
    )
    (pad 1 smd roundrect (at -1.4 0 270) (size 1.25 2.65) (layers F.Cu F.Paste F.Mask) (roundrect_rratio 0.2)
      (net 6 "Net-(C105-Pad1)"))
    (pad 2 smd roundrect (at 1.4 0 270) (size 1.25 2.65) (layers F.Cu F.Paste F.Mask) (roundrect_rratio 0.2)
      (net 1 GND))
    (model ${KISYS3DMOD}/Capacitor_SMD.3dshapes/C_1210_3225Metric.wrl
      (at (xyz 0 0 0))
      (scale (xyz 1 1 1))
      (rotate (xyz 0 0 0))
    )
  )

  (module Capacitor_SMD:C_0603_1608Metric (layer F.Cu) (tedit 600446E0) (tstamp 60093EA5)
    (at 111.9 99.325)
    (descr "Capacitor SMD 0603 (1608 Metric), square (rectangular) end terminal, IPC_7351 nominal, (Body size source: http://www.tortai-tech.com/upload/download/2011102023233369053.pdf), generated with kicad-footprint-generator")
    (tags capacitor)
    (path /60053D01)
    (attr smd)
    (fp_text reference C106 (at 1 -3.075) (layer F.SilkS) hide
      (effects (font (size 1 1) (thickness 0.15)))
    )
    (fp_text value 100n (at 0 1.43) (layer F.Fab)
      (effects (font (size 1 1) (thickness 0.15)))
    )
    (fp_line (start 1.48 0.73) (end -1.48 0.73) (layer F.CrtYd) (width 0.05))
    (fp_line (start 1.48 -0.73) (end 1.48 0.73) (layer F.CrtYd) (width 0.05))
    (fp_line (start -1.48 -0.73) (end 1.48 -0.73) (layer F.CrtYd) (width 0.05))
    (fp_line (start -1.48 0.73) (end -1.48 -0.73) (layer F.CrtYd) (width 0.05))
    (fp_line (start -0.162779 0.51) (end 0.162779 0.51) (layer F.SilkS) (width 0.12))
    (fp_line (start -0.162779 -0.51) (end 0.162779 -0.51) (layer F.SilkS) (width 0.12))
    (fp_line (start 0.8 0.4) (end -0.8 0.4) (layer F.Fab) (width 0.1))
    (fp_line (start 0.8 -0.4) (end 0.8 0.4) (layer F.Fab) (width 0.1))
    (fp_line (start -0.8 -0.4) (end 0.8 -0.4) (layer F.Fab) (width 0.1))
    (fp_line (start -0.8 0.4) (end -0.8 -0.4) (layer F.Fab) (width 0.1))
    (fp_text user %R (at 0 0) (layer F.Fab)
      (effects (font (size 0.4 0.4) (thickness 0.06)))
    )
    (pad 1 smd roundrect (at -0.7875 0) (size 0.875 0.95) (layers F.Cu F.Paste F.Mask) (roundrect_rratio 0.25)
      (net 5 +3V3))
    (pad 2 smd roundrect (at 0.7875 0) (size 0.875 0.95) (layers F.Cu F.Paste F.Mask) (roundrect_rratio 0.25)
      (net 1 GND))
    (model ${KISYS3DMOD}/Capacitor_SMD.3dshapes/C_0603_1608Metric.wrl
      (at (xyz 0 0 0))
      (scale (xyz 1 1 1))
      (rotate (xyz 0 0 0))
    )
  )

  (module Capacitor_SMD:C_0603_1608Metric (layer F.Cu) (tedit 5B301BBE) (tstamp 600546F7)
    (at 105.4 91.2 90)
    (descr "Capacitor SMD 0603 (1608 Metric), square (rectangular) end terminal, IPC_7351 nominal, (Body size source: http://www.tortai-tech.com/upload/download/2011102023233369053.pdf), generated with kicad-footprint-generator")
    (tags capacitor)
    (path /60053CE1)
    (attr smd)
    (fp_text reference C108 (at 0.25 1.45 90) (layer F.SilkS)
      (effects (font (size 1 1) (thickness 0.15)))
    )
    (fp_text value 100n (at 0 1.43 90) (layer F.Fab)
      (effects (font (size 1 1) (thickness 0.15)))
    )
    (fp_line (start -0.8 0.4) (end -0.8 -0.4) (layer F.Fab) (width 0.1))
    (fp_line (start -0.8 -0.4) (end 0.8 -0.4) (layer F.Fab) (width 0.1))
    (fp_line (start 0.8 -0.4) (end 0.8 0.4) (layer F.Fab) (width 0.1))
    (fp_line (start 0.8 0.4) (end -0.8 0.4) (layer F.Fab) (width 0.1))
    (fp_line (start -0.162779 -0.51) (end 0.162779 -0.51) (layer F.SilkS) (width 0.12))
    (fp_line (start -0.162779 0.51) (end 0.162779 0.51) (layer F.SilkS) (width 0.12))
    (fp_line (start -1.48 0.73) (end -1.48 -0.73) (layer F.CrtYd) (width 0.05))
    (fp_line (start -1.48 -0.73) (end 1.48 -0.73) (layer F.CrtYd) (width 0.05))
    (fp_line (start 1.48 -0.73) (end 1.48 0.73) (layer F.CrtYd) (width 0.05))
    (fp_line (start 1.48 0.73) (end -1.48 0.73) (layer F.CrtYd) (width 0.05))
    (fp_text user %R (at 0 0 90) (layer F.Fab)
      (effects (font (size 0.4 0.4) (thickness 0.06)))
    )
    (pad 2 smd roundrect (at 0.7875 0 90) (size 0.875 0.95) (layers F.Cu F.Paste F.Mask) (roundrect_rratio 0.25)
      (net 1 GND))
    (pad 1 smd roundrect (at -0.7875 0 90) (size 0.875 0.95) (layers F.Cu F.Paste F.Mask) (roundrect_rratio 0.25)
      (net 5 +3V3))
    (model ${KISYS3DMOD}/Capacitor_SMD.3dshapes/C_0603_1608Metric.wrl
      (at (xyz 0 0 0))
      (scale (xyz 1 1 1))
      (rotate (xyz 0 0 0))
    )
  )

  (module Capacitor_SMD:C_0603_1608Metric (layer F.Cu) (tedit 5B301BBE) (tstamp 60054757)
    (at 111.902 110.8)
    (descr "Capacitor SMD 0603 (1608 Metric), square (rectangular) end terminal, IPC_7351 nominal, (Body size source: http://www.tortai-tech.com/upload/download/2011102023233369053.pdf), generated with kicad-footprint-generator")
    (tags capacitor)
    (path /60053CE9)
    (attr smd)
    (fp_text reference C110 (at 3.81 0) (layer F.SilkS)
      (effects (font (size 1 1) (thickness 0.15)))
    )
    (fp_text value 100n (at 0 1.43) (layer F.Fab)
      (effects (font (size 1 1) (thickness 0.15)))
    )
    (fp_line (start 1.48 0.73) (end -1.48 0.73) (layer F.CrtYd) (width 0.05))
    (fp_line (start 1.48 -0.73) (end 1.48 0.73) (layer F.CrtYd) (width 0.05))
    (fp_line (start -1.48 -0.73) (end 1.48 -0.73) (layer F.CrtYd) (width 0.05))
    (fp_line (start -1.48 0.73) (end -1.48 -0.73) (layer F.CrtYd) (width 0.05))
    (fp_line (start -0.162779 0.51) (end 0.162779 0.51) (layer F.SilkS) (width 0.12))
    (fp_line (start -0.162779 -0.51) (end 0.162779 -0.51) (layer F.SilkS) (width 0.12))
    (fp_line (start 0.8 0.4) (end -0.8 0.4) (layer F.Fab) (width 0.1))
    (fp_line (start 0.8 -0.4) (end 0.8 0.4) (layer F.Fab) (width 0.1))
    (fp_line (start -0.8 -0.4) (end 0.8 -0.4) (layer F.Fab) (width 0.1))
    (fp_line (start -0.8 0.4) (end -0.8 -0.4) (layer F.Fab) (width 0.1))
    (fp_text user %R (at 0 0) (layer F.Fab)
      (effects (font (size 0.4 0.4) (thickness 0.06)))
    )
    (pad 1 smd roundrect (at -0.7875 0) (size 0.875 0.95) (layers F.Cu F.Paste F.Mask) (roundrect_rratio 0.25)
      (net 5 +3V3))
    (pad 2 smd roundrect (at 0.7875 0) (size 0.875 0.95) (layers F.Cu F.Paste F.Mask) (roundrect_rratio 0.25)
      (net 1 GND))
    (model ${KISYS3DMOD}/Capacitor_SMD.3dshapes/C_0603_1608Metric.wrl
      (at (xyz 0 0 0))
      (scale (xyz 1 1 1))
      (rotate (xyz 0 0 0))
    )
  )

  (module Capacitor_SMD:C_0603_1608Metric (layer F.Cu) (tedit 5B301BBE) (tstamp 600542F2)
    (at 99.2 91.1 90)
    (descr "Capacitor SMD 0603 (1608 Metric), square (rectangular) end terminal, IPC_7351 nominal, (Body size source: http://www.tortai-tech.com/upload/download/2011102023233369053.pdf), generated with kicad-footprint-generator")
    (tags capacitor)
    (path /60053CF1)
    (attr smd)
    (fp_text reference C111 (at 0 -1.43 90) (layer F.SilkS)
      (effects (font (size 1 1) (thickness 0.15)))
    )
    (fp_text value 100n (at 0 1.43 90) (layer F.Fab)
      (effects (font (size 1 1) (thickness 0.15)))
    )
    (fp_line (start 1.48 0.73) (end -1.48 0.73) (layer F.CrtYd) (width 0.05))
    (fp_line (start 1.48 -0.73) (end 1.48 0.73) (layer F.CrtYd) (width 0.05))
    (fp_line (start -1.48 -0.73) (end 1.48 -0.73) (layer F.CrtYd) (width 0.05))
    (fp_line (start -1.48 0.73) (end -1.48 -0.73) (layer F.CrtYd) (width 0.05))
    (fp_line (start -0.162779 0.51) (end 0.162779 0.51) (layer F.SilkS) (width 0.12))
    (fp_line (start -0.162779 -0.51) (end 0.162779 -0.51) (layer F.SilkS) (width 0.12))
    (fp_line (start 0.8 0.4) (end -0.8 0.4) (layer F.Fab) (width 0.1))
    (fp_line (start 0.8 -0.4) (end 0.8 0.4) (layer F.Fab) (width 0.1))
    (fp_line (start -0.8 -0.4) (end 0.8 -0.4) (layer F.Fab) (width 0.1))
    (fp_line (start -0.8 0.4) (end -0.8 -0.4) (layer F.Fab) (width 0.1))
    (fp_text user %R (at 0 0 90) (layer F.Fab)
      (effects (font (size 0.4 0.4) (thickness 0.06)))
    )
    (pad 1 smd roundrect (at -0.7875 0 90) (size 0.875 0.95) (layers F.Cu F.Paste F.Mask) (roundrect_rratio 0.25)
      (net 5 +3V3))
    (pad 2 smd roundrect (at 0.7875 0 90) (size 0.875 0.95) (layers F.Cu F.Paste F.Mask) (roundrect_rratio 0.25)
      (net 1 GND))
    (model ${KISYS3DMOD}/Capacitor_SMD.3dshapes/C_0603_1608Metric.wrl
      (at (xyz 0 0 0))
      (scale (xyz 1 1 1))
      (rotate (xyz 0 0 0))
    )
  )

  (module Capacitor_SMD:C_0603_1608Metric (layer F.Cu) (tedit 5B301BBE) (tstamp 60054259)
    (at 94.1 91.4 90)
    (descr "Capacitor SMD 0603 (1608 Metric), square (rectangular) end terminal, IPC_7351 nominal, (Body size source: http://www.tortai-tech.com/upload/download/2011102023233369053.pdf), generated with kicad-footprint-generator")
    (tags capacitor)
    (path /60053CF9)
    (attr smd)
    (fp_text reference C112 (at 3.4 0 90) (layer F.SilkS)
      (effects (font (size 1 1) (thickness 0.15)))
    )
    (fp_text value 100n (at 0 1.43 90) (layer F.Fab)
      (effects (font (size 1 1) (thickness 0.15)))
    )
    (fp_line (start 1.48 0.73) (end -1.48 0.73) (layer F.CrtYd) (width 0.05))
    (fp_line (start 1.48 -0.73) (end 1.48 0.73) (layer F.CrtYd) (width 0.05))
    (fp_line (start -1.48 -0.73) (end 1.48 -0.73) (layer F.CrtYd) (width 0.05))
    (fp_line (start -1.48 0.73) (end -1.48 -0.73) (layer F.CrtYd) (width 0.05))
    (fp_line (start -0.162779 0.51) (end 0.162779 0.51) (layer F.SilkS) (width 0.12))
    (fp_line (start -0.162779 -0.51) (end 0.162779 -0.51) (layer F.SilkS) (width 0.12))
    (fp_line (start 0.8 0.4) (end -0.8 0.4) (layer F.Fab) (width 0.1))
    (fp_line (start 0.8 -0.4) (end 0.8 0.4) (layer F.Fab) (width 0.1))
    (fp_line (start -0.8 -0.4) (end 0.8 -0.4) (layer F.Fab) (width 0.1))
    (fp_line (start -0.8 0.4) (end -0.8 -0.4) (layer F.Fab) (width 0.1))
    (fp_text user %R (at 0 0 90) (layer F.Fab)
      (effects (font (size 0.4 0.4) (thickness 0.06)))
    )
    (pad 1 smd roundrect (at -0.7875 0 90) (size 0.875 0.95) (layers F.Cu F.Paste F.Mask) (roundrect_rratio 0.25)
      (net 5 +3V3))
    (pad 2 smd roundrect (at 0.7875 0 90) (size 0.875 0.95) (layers F.Cu F.Paste F.Mask) (roundrect_rratio 0.25)
      (net 1 GND))
    (model ${KISYS3DMOD}/Capacitor_SMD.3dshapes/C_0603_1608Metric.wrl
      (at (xyz 0 0 0))
      (scale (xyz 1 1 1))
      (rotate (xyz 0 0 0))
    )
  )

  (module Capacitor_SMD:C_0603_1608Metric (layer F.Cu) (tedit 5B301BBE) (tstamp 600546C7)
    (at 89 90.9 90)
    (descr "Capacitor SMD 0603 (1608 Metric), square (rectangular) end terminal, IPC_7351 nominal, (Body size source: http://www.tortai-tech.com/upload/download/2011102023233369053.pdf), generated with kicad-footprint-generator")
    (tags capacitor)
    (path /60053D3E)
    (attr smd)
    (fp_text reference C113 (at 3.5 0 90) (layer F.SilkS)
      (effects (font (size 1 1) (thickness 0.15)))
    )
    (fp_text value 100n (at 0 1.43 90) (layer F.Fab)
      (effects (font (size 1 1) (thickness 0.15)))
    )
    (fp_line (start 1.48 0.73) (end -1.48 0.73) (layer F.CrtYd) (width 0.05))
    (fp_line (start 1.48 -0.73) (end 1.48 0.73) (layer F.CrtYd) (width 0.05))
    (fp_line (start -1.48 -0.73) (end 1.48 -0.73) (layer F.CrtYd) (width 0.05))
    (fp_line (start -1.48 0.73) (end -1.48 -0.73) (layer F.CrtYd) (width 0.05))
    (fp_line (start -0.162779 0.51) (end 0.162779 0.51) (layer F.SilkS) (width 0.12))
