(kicad_pcb (version 20171130) (host pcbnew 5.1.8-db9833491~87~ubuntu18.04.1)

  (general
    (thickness 1.6)
    (drawings 9)
    (tracks 0)
    (zones 0)
    (modules 138)
    (nets 157)
  )

  (page A4)
  (layers
    (0 F.Cu signal)
    (1 In1.Cu power)
    (2 In2.Cu power)
    (31 B.Cu signal)
    (32 B.Adhes user)
    (33 F.Adhes user)
    (34 B.Paste user)
    (35 F.Paste user)
    (36 B.SilkS user)
    (37 F.SilkS user)
    (38 B.Mask user)
    (39 F.Mask user)
    (40 Dwgs.User user)
    (41 Cmts.User user)
    (42 Eco1.User user)
    (43 Eco2.User user)
    (44 Edge.Cuts user)
    (45 Margin user)
    (46 B.CrtYd user)
    (47 F.CrtYd user)
    (48 B.Fab user)
    (49 F.Fab user)
  )

  (setup
    (last_trace_width 0.25)
    (user_trace_width 0.15)
    (user_trace_width 0.25)
    (user_trace_width 0.3)
    (user_trace_width 0.35)
    (trace_clearance 0.1)
    (zone_clearance 0.508)
    (zone_45_only no)
    (trace_min 0.15)
    (via_size 0.8)
    (via_drill 0.4)
    (via_min_size 0.4)
    (via_min_drill 0.2)
    (user_via 0.4 0.2)
    (user_via 0.6 0.3)
    (uvia_size 0.3)
    (uvia_drill 0.1)
    (uvias_allowed no)
    (uvia_min_size 0.2)
    (uvia_min_drill 0.1)
    (edge_width 0.15)
    (segment_width 0.2)
    (pcb_text_width 0.3)
    (pcb_text_size 1.5 1.5)
    (mod_edge_width 0.15)
    (mod_text_size 1 1)
    (mod_text_width 0.15)
    (pad_size 1.524 1.524)
    (pad_drill 0.762)
    (pad_to_mask_clearance 0.051)
    (solder_mask_min_width 0.25)
    (aux_axis_origin 0 0)
    (visible_elements FFFFFF7F)
    (pcbplotparams
      (layerselection 0x010fc_ffffffff)
      (usegerberextensions false)
      (usegerberattributes false)
      (usegerberadvancedattributes false)
      (creategerberjobfile false)
      (excludeedgelayer true)
      (linewidth 0.100000)
      (plotframeref false)
      (viasonmask false)
      (mode 1)
      (useauxorigin false)
      (hpglpennumber 1)
      (hpglpenspeed 20)
      (hpglpendiameter 15.000000)
      (psnegative false)
      (psa4output false)
      (plotreference true)
      (plotvalue true)
      (plotinvisibletext false)
      (padsonsilk false)
      (subtractmaskfromsilk false)
      (outputformat 1)
      (mirror false)
      (drillshape 1)
      (scaleselection 1)
      (outputdirectory ""))
  )

  (net 0 "")
  (net 1 GND)
  (net 2 "Net-(C101-Pad1)")
  (net 3 "Net-(C102-Pad1)")
  (net 4 "Net-(C103-Pad1)")
  (net 5 "Net-(C104-Pad1)")
  (net 6 +24V)
  (net 7 "Net-(C106-Pad1)")
  (net 8 /VREF)
  (net 9 "Net-(C110-Pad1)")
  (net 10 "Net-(C110-Pad2)")
  (net 11 "Net-(C111-Pad1)")
  (net 12 /PC7)
  (net 13 /PC6)
  (net 14 +3V3)
  (net 15 "Net-(D101-Pad2)")
  (net 16 /PA14)
  (net 17 /PA13)
  (net 18 /NRST)
  (net 19 /I2C1_SCL)
  (net 20 /I2C1_SDA)
  (net 21 /DISP_DIN)
  (net 22 /DISP_CLK)
  (net 23 /DISP_CS)
  (net 24 /DISP_DC)
  (net 25 /DISP_RST)
  (net 26 "Net-(J106-Pad8)")
  (net 27 /PB0)
  (net 28 /PB2)
  (net 29 /PD2)
  (net 30 /PC8)
  (net 31 /PB1)
  (net 32 /PC11)
  (net 33 /PE7)
  (net 34 /CAN1_H)
  (net 35 /CAN1_L)
  (net 36 /CAN2_H)
  (net 37 /CAN2_L)
  (net 38 /EN_ROT)
  (net 39 /DIAG_ROT)
  (net 40 /INDEX_ROT)
  (net 41 /STEP_ROT)
  (net 42 /CUR_ROT)
  (net 43 /DIR_ROT)
  (net 44 /EN_Z)
  (net 45 /DIAG_Z)
  (net 46 /INDEX_Z)
  (net 47 /STEP_Z)
  (net 48 /CUR_Z)
  (net 49 /DIR_Z)
  (net 50 /EN_X)
  (net 51 /DIAG_X)
  (net 52 /INDEX_X)
  (net 53 /STEP_X)
  (net 54 /CUR_X)
  (net 55 /DIR_X)
  (net 56 /EN_Y)
  (net 57 /DIAG_Y)
  (net 58 /INDEX_Y)
  (net 59 /STEP_Y)
  (net 60 /CUR_Y)
  (net 61 /DIR_Y)
  (net 62 /PC10)
  (net 63 /PA12)
  (net 64 /PA11)
  (net 65 /PE9)
  (net 66 "Net-(R102-Pad1)")
  (net 67 /PD12)
  (net 68 /PD13)
  (net 69 /PD14)
  (net 70 /PD15)
  (net 71 /PE2)
  (net 72 /PE3)
  (net 73 /PE4)
  (net 74 /PE5)
  (net 75 /PE10)
  (net 76 /PE11)
  (net 77 /PE12)
  (net 78 /PE13)
  (net 79 /PD3)
  (net 80 /PD4)
  (net 81 /PD5)
  (net 82 /PD6)
  (net 83 "Net-(R121-Pad2)")
  (net 84 /PC0)
  (net 85 /PC1)
  (net 86 /PC2)
  (net 87 /PC3)
  (net 88 "Net-(R127-Pad2)")
  (net 89 /PA0)
  (net 90 /PA6)
  (net 91 /PA15)
  (net 92 "Net-(R134-Pad1)")
  (net 93 "Net-(R135-Pad1)")
  (net 94 /DISP_BL)
  (net 95 /ENC_BTN)
  (net 96 /CAN2_RX)
  (net 97 /CAN2_TX)
  (net 98 /CAN1_RX)
  (net 99 /CAN1_TX)
  (net 100 /ENDSTOP_X1)
  (net 101 /ENDSTOP_X2)
  (net 102 /ENDSTOP_Y1)
  (net 103 /ENDSTOP_Y2)
  (net 104 /ENDSTEP_Z1)
  (net 105 /ENDSTOP_Z2)
  (net 106 /ENDSTOP_ROT1)
  (net 107 /ENDSTOP_ROT2)
  (net 108 /INPUT_RES1)
  (net 109 /INPUT_RES2)
  (net 110 /ADC_RES1)
  (net 111 /ADC_RES2)
  (net 112 /ADC_RES3)
  (net 113 /ADC_RES4)
  (net 114 /VENTIL1)
  (net 115 /VENTIL2)
  (net 116 /VACUUM_MOTOR)
  (net 117 /OUTPUT_RES1)
  (net 118 /OUTPUT_RES2)
  (net 119 /OUTPUT_RES3)
  (net 120 /OUTPUT_RES4)
  (net 121 /OUTPUT_RES5)
  (net 122 /OUTPUT_RES6)
  (net 123 /OUTPUT_RES7)
  (net 124 /PB4)
  (net 125 /PE1)
  (net 126 /PE0)
  (net 127 /PE6)
  (net 128 /PD7)
  (net 129 /PD8)
  (net 130 /PD9)
  (net 131 /PD10)
  (net 132 /PD11)
  (net 133 /PA1)
  (net 134 /PA2)
  (net 135 /PA3)
  (net 136 /PA5)
  (net 137 /PA8)
  (net 138 /PA9)
  (net 139 /PA10)
  (net 140 /PB9)
  (net 141 /PB8)
  (net 142 /PB10)
  (net 143 /PB15)
  (net 144 /PB14)
  (net 145 /PC12)
  (net 146 /PC13)
  (net 147 /PC14)
  (net 148 /PC15)
  (net 149 "Net-(L102-Pad3)")
  (net 150 "Net-(L102-Pad1)")
  (net 151 "Net-(L103-Pad1)")
  (net 152 "Net-(L103-Pad3)")
  (net 153 "Net-(J112-Pad1)")
  (net 154 "Net-(J113-Pad1)")
  (net 155 "Net-(R140-Pad1)")
  (net 156 "Net-(R141-Pad1)")

  (net_class Default "This is the default net class."
    (clearance 0.1)
    (trace_width 0.25)
    (via_dia 0.8)
    (via_drill 0.4)
    (uvia_dia 0.3)
    (uvia_drill 0.1)
    (add_net +24V)
    (add_net +3V3)
    (add_net /ADC_RES1)
    (add_net /ADC_RES2)
    (add_net /ADC_RES3)
    (add_net /ADC_RES4)
    (add_net /CAN1_H)
    (add_net /CAN1_L)
    (add_net /CAN1_RX)
    (add_net /CAN1_TX)
    (add_net /CAN2_H)
    (add_net /CAN2_L)
    (add_net /CAN2_RX)
    (add_net /CAN2_TX)
    (add_net /CUR_ROT)
    (add_net /CUR_X)
    (add_net /CUR_Y)
    (add_net /CUR_Z)
    (add_net /DIAG_ROT)
    (add_net /DIAG_X)
    (add_net /DIAG_Y)
    (add_net /DIAG_Z)
    (add_net /DIR_ROT)
    (add_net /DIR_X)
    (add_net /DIR_Y)
    (add_net /DIR_Z)
    (add_net /DISP_BL)
    (add_net /DISP_CLK)
    (add_net /DISP_CS)
    (add_net /DISP_DC)
    (add_net /DISP_DIN)
    (add_net /DISP_RST)
    (add_net /ENC_BTN)
    (add_net /ENDSTEP_Z1)
    (add_net /ENDSTOP_ROT1)
    (add_net /ENDSTOP_ROT2)
    (add_net /ENDSTOP_X1)
    (add_net /ENDSTOP_X2)
    (add_net /ENDSTOP_Y1)
    (add_net /ENDSTOP_Y2)
    (add_net /ENDSTOP_Z2)
    (add_net /EN_ROT)
    (add_net /EN_X)
    (add_net /EN_Y)
    (add_net /EN_Z)
    (add_net /I2C1_SCL)
    (add_net /I2C1_SDA)
    (add_net /INDEX_ROT)
    (add_net /INDEX_X)
    (add_net /INDEX_Y)
    (add_net /INDEX_Z)
    (add_net /INPUT_RES1)
    (add_net /INPUT_RES2)
    (add_net /NRST)
    (add_net /OUTPUT_RES1)
    (add_net /OUTPUT_RES2)
    (add_net /OUTPUT_RES3)
    (add_net /OUTPUT_RES4)
    (add_net /OUTPUT_RES5)
    (add_net /OUTPUT_RES6)
    (add_net /OUTPUT_RES7)
    (add_net /PA0)
    (add_net /PA1)
    (add_net /PA10)
    (add_net /PA11)
    (add_net /PA12)
    (add_net /PA13)
    (add_net /PA14)
    (add_net /PA15)
    (add_net /PA2)
    (add_net /PA3)
    (add_net /PA5)
    (add_net /PA6)
    (add_net /PA8)
    (add_net /PA9)
    (add_net /PB0)
    (add_net /PB1)
    (add_net /PB10)
    (add_net /PB14)
    (add_net /PB15)
    (add_net /PB2)
    (add_net /PB4)
    (add_net /PB8)
    (add_net /PB9)
    (add_net /PC0)
    (add_net /PC1)
    (add_net /PC10)
    (add_net /PC11)
    (add_net /PC12)
    (add_net /PC13)
    (add_net /PC14)
    (add_net /PC15)
    (add_net /PC2)
    (add_net /PC3)
    (add_net /PC6)
    (add_net /PC7)
    (add_net /PC8)
    (add_net /PD10)
    (add_net /PD11)
    (add_net /PD12)
    (add_net /PD13)
    (add_net /PD14)
    (add_net /PD15)
    (add_net /PD2)
    (add_net /PD3)
    (add_net /PD4)
    (add_net /PD5)
    (add_net /PD6)
    (add_net /PD7)
    (add_net /PD8)
    (add_net /PD9)
    (add_net /PE0)
    (add_net /PE1)
    (add_net /PE10)
    (add_net /PE11)
    (add_net /PE12)
    (add_net /PE13)
    (add_net /PE2)
    (add_net /PE3)
    (add_net /PE4)
    (add_net /PE5)
    (add_net /PE6)
    (add_net /PE7)
    (add_net /PE9)
    (add_net /STEP_ROT)
    (add_net /STEP_X)
    (add_net /STEP_Y)
    (add_net /STEP_Z)
    (add_net /VACUUM_MOTOR)
    (add_net /VENTIL1)
    (add_net /VENTIL2)
    (add_net /VREF)
    (add_net GND)
    (add_net "Net-(C101-Pad1)")
    (add_net "Net-(C102-Pad1)")
    (add_net "Net-(C103-Pad1)")
    (add_net "Net-(C104-Pad1)")
    (add_net "Net-(C106-Pad1)")
    (add_net "Net-(C110-Pad1)")
    (add_net "Net-(C110-Pad2)")
    (add_net "Net-(C111-Pad1)")
    (add_net "Net-(D101-Pad2)")
    (add_net "Net-(J106-Pad8)")
    (add_net "Net-(J112-Pad1)")
    (add_net "Net-(J113-Pad1)")
    (add_net "Net-(L102-Pad1)")
    (add_net "Net-(L102-Pad3)")
    (add_net "Net-(L103-Pad1)")
    (add_net "Net-(L103-Pad3)")
    (add_net "Net-(R102-Pad1)")
    (add_net "Net-(R121-Pad2)")
    (add_net "Net-(R127-Pad2)")
    (add_net "Net-(R134-Pad1)")
    (add_net "Net-(R135-Pad1)")
    (add_net "Net-(R140-Pad1)")
    (add_net "Net-(R141-Pad1)")
  )

  (module ProjectFootprints:L_CommonModeChoke_Coilcraft_1812CAN (layer F.Cu) (tedit 600F19ED) (tstamp 600D9B9E)
    (at 113.943 65.532)
    (descr "Coilcraft 1812CAN Series Common Mode Choke, https://www.coilcraft.com/pdfs/1812can.pdf")
    (tags "surface mount common mode bead")
    (path /60125C0A)
    (attr smd)
    (fp_text reference L102 (at 0 4) (layer F.SilkS)
      (effects (font (size 1 1) (thickness 0.15)))
    )
    (fp_text value DNP (at 0 -4) (layer F.Fab)
      (effects (font (size 1 1) (thickness 0.15)))
    )
    (fp_line (start -1.59 2.475) (end 1.59 2.475) (layer F.Fab) (width 0.1))
    (fp_line (start -0.89 -2.475) (end 1.59 -2.475) (layer F.Fab) (width 0.1))
    (fp_line (start 1.59 -2.475) (end 1.59 2.475) (layer F.Fab) (width 0.1))
    (fp_line (start -1.59 -1.78) (end -1.59 2.475) (layer F.Fab) (width 0.1))
    (fp_line (start -1.59 -1.78) (end -0.89 -2.475) (layer F.Fab) (width 0.1))
    (fp_line (start -1.71 -2.595) (end -1.71 2.595) (layer F.SilkS) (width 0.12))
    (fp_line (start -1.71 2.595) (end 1.71 2.595) (layer F.SilkS) (width 0.12))
    (fp_line (start 1.71 -2.595) (end 1.71 2.595) (layer F.SilkS) (width 0.12))
    (fp_line (start -1.71 -2.595) (end 1.71 -2.595) (layer F.SilkS) (width 0.12))
    (fp_line (start -1.95 -2.845) (end -1.95 -1.4) (layer F.SilkS) (width 0.12))
    (fp_line (start -1.95 -2.845) (end -0.35 -2.845) (layer F.SilkS) (width 0.12))
    (fp_line (start -1.84 -2.73) (end 1.84 -2.73) (layer F.CrtYd) (width 0.05))
    (fp_line (start -1.84 2.73) (end -1.84 -2.73) (layer F.CrtYd) (width 0.05))
    (fp_line (start -1.84 2.73) (end 1.84 2.73) (layer F.CrtYd) (width 0.05))
    (fp_line (start 1.84 2.73) (end 1.84 -2.73) (layer F.CrtYd) (width 0.05))
    (fp_text user %R (at 0 0 90) (layer F.Fab)
      (effects (font (size 1 1) (thickness 0.15)))
    )
    (pad 4 smd roundrect (at 0.865 -1.84) (size 1.15 1) (layers F.Cu F.Paste F.Mask) (roundrect_rratio 0.05)
      (net 35 /CAN1_L))
    (pad 3 smd roundrect (at 0.865 1.84) (size 1.15 1) (layers F.Cu F.Paste F.Mask) (roundrect_rratio 0.05)
      (net 149 "Net-(L102-Pad3)"))
    (pad 1 smd roundrect (at -0.865 1.84) (size 1.15 1) (layers F.Cu F.Paste F.Mask) (roundrect_rratio 0.05)
      (net 150 "Net-(L102-Pad1)"))
    (pad 2 smd roundrect (at -0.865 -1.84) (size 1.15 1) (layers F.Cu F.Paste F.Mask) (roundrect_rratio 0.05)
      (net 34 /CAN1_H))
    (model ${KISYS3DMOD}/Inductor_SMD.3dshapes/L_CommonModeChoke_Coilcraft_1812CAN.wrl
      (at (xyz 0 0 0))
      (scale (xyz 1 1 1))
      (rotate (xyz 0 0 0))
    )
  )

  (module ProjectFootprints:L_CommonModeChoke_Coilcraft_1812CAN (layer F.Cu) (tedit 600F19ED) (tstamp 600D9BB6)
    (at 123.444 65.786)
    (descr "Coilcraft 1812CAN Series Common Mode Choke, https://www.coilcraft.com/pdfs/1812can.pdf")
    (tags "surface mount common mode bead")
    (path /605E657C)
    (attr smd)
    (fp_text reference L103 (at 0 4) (layer F.SilkS)
      (effects (font (size 1 1) (thickness 0.15)))
    )
    (fp_text value DNP (at 0 -4) (layer F.Fab)
      (effects (font (size 1 1) (thickness 0.15)))
    )
    (fp_line (start -1.59 2.475) (end 1.59 2.475) (layer F.Fab) (width 0.1))
    (fp_line (start -0.89 -2.475) (end 1.59 -2.475) (layer F.Fab) (width 0.1))
    (fp_line (start 1.59 -2.475) (end 1.59 2.475) (layer F.Fab) (width 0.1))
    (fp_line (start -1.59 -1.78) (end -1.59 2.475) (layer F.Fab) (width 0.1))
    (fp_line (start -1.59 -1.78) (end -0.89 -2.475) (layer F.Fab) (width 0.1))
    (fp_line (start -1.71 -2.595) (end -1.71 2.595) (layer F.SilkS) (width 0.12))
    (fp_line (start -1.71 2.595) (end 1.71 2.595) (layer F.SilkS) (width 0.12))
    (fp_line (start 1.71 -2.595) (end 1.71 2.595) (layer F.SilkS) (width 0.12))
    (fp_line (start -1.71 -2.595) (end 1.71 -2.595) (layer F.SilkS) (width 0.12))
    (fp_line (start -1.95 -2.845) (end -1.95 -1.4) (layer F.SilkS) (width 0.12))
    (fp_line (start -1.95 -2.845) (end -0.35 -2.845) (layer F.SilkS) (width 0.12))
    (fp_line (start -1.84 -2.73) (end 1.84 -2.73) (layer F.CrtYd) (width 0.05))
    (fp_line (start -1.84 2.73) (end -1.84 -2.73) (layer F.CrtYd) (width 0.05))
    (fp_line (start -1.84 2.73) (end 1.84 2.73) (layer F.CrtYd) (width 0.05))
    (fp_line (start 1.84 2.73) (end 1.84 -2.73) (layer F.CrtYd) (width 0.05))
    (fp_text user %R (at 0 0 90) (layer F.Fab)
      (effects (font (size 1 1) (thickness 0.15)))
    )
    (pad 4 smd roundrect (at 0.865 -1.84) (size 1.15 1) (layers F.Cu F.Paste F.Mask) (roundrect_rratio 0.05)
      (net 37 /CAN2_L))
    (pad 3 smd roundrect (at 0.865 1.84) (size 1.15 1) (layers F.Cu F.Paste F.Mask) (roundrect_rratio 0.05)
      (net 152 "Net-(L103-Pad3)"))
    (pad 1 smd roundrect (at -0.865 1.84) (size 1.15 1) (layers F.Cu F.Paste F.Mask) (roundrect_rratio 0.05)
      (net 151 "Net-(L103-Pad1)"))
    (pad 2 smd roundrect (at -0.865 -1.84) (size 1.15 1) (layers F.Cu F.Paste F.Mask) (roundrect_rratio 0.05)
      (net 36 /CAN2_H))
    (model ${KISYS3DMOD}/Inductor_SMD.3dshapes/L_CommonModeChoke_Coilcraft_1812CAN.wrl
      (at (xyz 0 0 0))
      (scale (xyz 1 1 1))
      (rotate (xyz 0 0 0))
    )
  )

  (module Capacitor_SMD:C_1210_3225Metric (layer F.Cu) (tedit 5B301BBE) (tstamp 6019F22A)
    (at 123.2 121.7)
    (descr "Capacitor SMD 1210 (3225 Metric), square (rectangular) end terminal, IPC_7351 nominal, (Body size source: http://www.tortai-tech.com/upload/download/2011102023233369053.pdf), generated with kicad-footprint-generator")
    (tags capacitor)
    (path /6006BFAE)
    (attr smd)
    (fp_text reference C101 (at -0.01 2.506) (layer F.SilkS)
      (effects (font (size 1 1) (thickness 0.15)))
    )
    (fp_text value "2.2u 50V" (at 0 2.28) (layer F.Fab)
      (effects (font (size 1 1) (thickness 0.15)))
    )
    (fp_line (start -1.6 1.25) (end -1.6 -1.25) (layer F.Fab) (width 0.1))
    (fp_line (start -1.6 -1.25) (end 1.6 -1.25) (layer F.Fab) (width 0.1))
    (fp_line (start 1.6 -1.25) (end 1.6 1.25) (layer F.Fab) (width 0.1))
    (fp_line (start 1.6 1.25) (end -1.6 1.25) (layer F.Fab) (width 0.1))
    (fp_line (start -0.602064 -1.36) (end 0.602064 -1.36) (layer F.SilkS) (width 0.12))
    (fp_line (start -0.602064 1.36) (end 0.602064 1.36) (layer F.SilkS) (width 0.12))
    (fp_line (start -2.28 1.58) (end -2.28 -1.58) (layer F.CrtYd) (width 0.05))
    (fp_line (start -2.28 -1.58) (end 2.28 -1.58) (layer F.CrtYd) (width 0.05))
    (fp_line (start 2.28 -1.58) (end 2.28 1.58) (layer F.CrtYd) (width 0.05))
    (fp_line (start 2.28 1.58) (end -2.28 1.58) (layer F.CrtYd) (width 0.05))
    (fp_text user %R (at 0 0) (layer F.Fab)
      (effects (font (size 0.8 0.8) (thickness 0.12)))
    )
    (pad 2 smd roundrect (at 1.4 0) (size 1.25 2.65) (layers F.Cu F.Paste F.Mask) (roundrect_rratio 0.2)
      (net 1 GND))
    (pad 1 smd roundrect (at -1.4 0) (size 1.25 2.65) (layers F.Cu F.Paste F.Mask) (roundrect_rratio 0.2)
      (net 2 "Net-(C101-Pad1)"))
    (model ${KISYS3DMOD}/Capacitor_SMD.3dshapes/C_1210_3225Metric.wrl
      (at (xyz 0 0 0))
      (scale (xyz 1 1 1))
      (rotate (xyz 0 0 0))
    )
  )

  (module Capacitor_SMD:C_0603_1608Metric (layer F.Cu) (tedit 5B301BBE) (tstamp 6019F23B)
    (at 99.5 104 180)
    (descr "Capacitor SMD 0603 (1608 Metric), square (rectangular) end terminal, IPC_7351 nominal, (Body size source: http://www.tortai-tech.com/upload/download/2011102023233369053.pdf), generated with kicad-footprint-generator")
    (tags capacitor)
    (path /6006BF8E)
    (attr smd)
    (fp_text reference C102 (at 0.186 1.638 180) (layer F.SilkS)
      (effects (font (size 1 1) (thickness 0.15)))
    )
    (fp_text value "18p 50V" (at 0 1.43 180) (layer F.Fab)
      (effects (font (size 1 1) (thickness 0.15)))
    )
    (fp_line (start 1.48 0.73) (end -1.48 0.73) (layer F.CrtYd) (width 0.05))
    (fp_line (start 1.48 -0.73) (end 1.48 0.73) (layer F.CrtYd) (width 0.05))
    (fp_line (start -1.48 -0.73) (end 1.48 -0.73) (layer F.CrtYd) (width 0.05))
    (fp_line (start -1.48 0.73) (end -1.48 -0.73) (layer F.CrtYd) (width 0.05))
    (fp_line (start -0.162779 0.51) (end 0.162779 0.51) (layer F.SilkS) (width 0.12))
    (fp_line (start -0.162779 -0.51) (end 0.162779 -0.51) (layer F.SilkS) (width 0.12))
    (fp_line (start 0.8 0.4) (end -0.8 0.4) (layer F.Fab) (width 0.1))
    (fp_line (start 0.8 -0.4) (end 0.8 0.4) (layer F.Fab) (width 0.1))
    (fp_line (start -0.8 -0.4) (end 0.8 -0.4) (layer F.Fab) (width 0.1))
    (fp_line (start -0.8 0.4) (end -0.8 -0.4) (layer F.Fab) (width 0.1))
    (fp_text user %R (at 0 0 180) (layer F.Fab)
      (effects (font (size 0.4 0.4) (thickness 0.06)))
    )
    (pad 1 smd roundrect (at -0.7875 0 180) (size 0.875 0.95) (layers F.Cu F.Paste F.Mask) (roundrect_rratio 0.25)
      (net 3 "Net-(C102-Pad1)"))
    (pad 2 smd roundrect (at 0.7875 0 180) (size 0.875 0.95) (layers F.Cu F.Paste F.Mask) (roundrect_rratio 0.25)
      (net 1 GND))
    (model ${KISYS3DMOD}/Capacitor_SMD.3dshapes/C_0603_1608Metric.wrl
      (at (xyz 0 0 0))
      (scale (xyz 1 1 1))
      (rotate (xyz 0 0 0))
    )
  )

  (module Capacitor_SMD:C_0603_1608Metric (layer F.Cu) (tedit 5B301BBE) (tstamp 6019F24C)
    (at 99.6 109.6)
    (descr "Capacitor SMD 0603 (1608 Metric), square (rectangular) end terminal, IPC_7351 nominal, (Body size source: http://www.tortai-tech.com/upload/download/2011102023233369053.pdf), generated with kicad-footprint-generator")
    (tags capacitor)
    (path /6006BF96)
    (attr smd)
    (fp_text reference C103 (at -0.286 1.652) (layer F.SilkS)
      (effects (font (size 1 1) (thickness 0.15)))
    )
    (fp_text value "18p 50V" (at 0 1.43) (layer F.Fab)
      (effects (font (size 1 1) (thickness 0.15)))
    )
    (fp_line (start -0.8 0.4) (end -0.8 -0.4) (layer F.Fab) (width 0.1))
    (fp_line (start -0.8 -0.4) (end 0.8 -0.4) (layer F.Fab) (width 0.1))
    (fp_line (start 0.8 -0.4) (end 0.8 0.4) (layer F.Fab) (width 0.1))
    (fp_line (start 0.8 0.4) (end -0.8 0.4) (layer F.Fab) (width 0.1))
    (fp_line (start -0.162779 -0.51) (end 0.162779 -0.51) (layer F.SilkS) (width 0.12))
    (fp_line (start -0.162779 0.51) (end 0.162779 0.51) (layer F.SilkS) (width 0.12))
    (fp_line (start -1.48 0.73) (end -1.48 -0.73) (layer F.CrtYd) (width 0.05))
    (fp_line (start -1.48 -0.73) (end 1.48 -0.73) (layer F.CrtYd) (width 0.05))
    (fp_line (start 1.48 -0.73) (end 1.48 0.73) (layer F.CrtYd) (width 0.05))
    (fp_line (start 1.48 0.73) (end -1.48 0.73) (layer F.CrtYd) (width 0.05))
    (fp_text user %R (at 0 0) (layer F.Fab)
      (effects (font (size 0.4 0.4) (thickness 0.06)))
    )
    (pad 2 smd roundrect (at 0.7875 0) (size 0.875 0.95) (layers F.Cu F.Paste F.Mask) (roundrect_rratio 0.25)
      (net 1 GND))
    (pad 1 smd roundrect (at -0.7875 0) (size 0.875 0.95) (layers F.Cu F.Paste F.Mask) (roundrect_rratio 0.25)
      (net 4 "Net-(C103-Pad1)"))
    (model ${KISYS3DMOD}/Capacitor_SMD.3dshapes/C_0603_1608Metric.wrl
      (at (xyz 0 0 0))
      (scale (xyz 1 1 1))
      (rotate (xyz 0 0 0))
    )
  )

  (module Capacitor_SMD:C_1210_3225Metric (layer F.Cu) (tedit 5B301BBE) (tstamp 6019F25D)
    (at 133.2 100.1 90)
    (descr "Capacitor SMD 1210 (3225 Metric), square (rectangular) end terminal, IPC_7351 nominal, (Body size source: http://www.tortai-tech.com/upload/download/2011102023233369053.pdf), generated with kicad-footprint-generator")
    (tags capacitor)
    (path /6006BFB6)
    (attr smd)
    (fp_text reference C104 (at 3.326 -0.358 180) (layer F.SilkS)
      (effects (font (size 1 1) (thickness 0.15)))
    )
    (fp_text value "2.2u 50V" (at 0 2.28 90) (layer F.Fab)
      (effects (font (size 1 1) (thickness 0.15)))
    )
    (fp_line (start 2.28 1.58) (end -2.28 1.58) (layer F.CrtYd) (width 0.05))
    (fp_line (start 2.28 -1.58) (end 2.28 1.58) (layer F.CrtYd) (width 0.05))
    (fp_line (start -2.28 -1.58) (end 2.28 -1.58) (layer F.CrtYd) (width 0.05))
    (fp_line (start -2.28 1.58) (end -2.28 -1.58) (layer F.CrtYd) (width 0.05))
    (fp_line (start -0.602064 1.36) (end 0.602064 1.36) (layer F.SilkS) (width 0.12))
    (fp_line (start -0.602064 -1.36) (end 0.602064 -1.36) (layer F.SilkS) (width 0.12))
    (fp_line (start 1.6 1.25) (end -1.6 1.25) (layer F.Fab) (width 0.1))
    (fp_line (start 1.6 -1.25) (end 1.6 1.25) (layer F.Fab) (width 0.1))
    (fp_line (start -1.6 -1.25) (end 1.6 -1.25) (layer F.Fab) (width 0.1))
    (fp_line (start -1.6 1.25) (end -1.6 -1.25) (layer F.Fab) (width 0.1))
    (fp_text user %R (at 0 0 90) (layer F.Fab)
      (effects (font (size 0.8 0.8) (thickness 0.12)))
    )
    (pad 1 smd roundrect (at -1.4 0 90) (size 1.25 2.65) (layers F.Cu F.Paste F.Mask) (roundrect_rratio 0.2)
      (net 5 "Net-(C104-Pad1)"))
    (pad 2 smd roundrect (at 1.4 0 90) (size 1.25 2.65) (layers F.Cu F.Paste F.Mask) (roundrect_rratio 0.2)
      (net 1 GND))
    (model ${KISYS3DMOD}/Capacitor_SMD.3dshapes/C_1210_3225Metric.wrl
      (at (xyz 0 0 0))
      (scale (xyz 1 1 1))
      (rotate (xyz 0 0 0))
    )
  )

  (module Capacitor_SMD:C_1210_3225Metric (layer F.Cu) (tedit 5B301BBE) (tstamp 6019F26E)
    (at 91.948 58.928 90)
    (descr "Capacitor SMD 1210 (3225 Metric), square (rectangular) end terminal, IPC_7351 nominal, (Body size source: http://www.tortai-tech.com/upload/download/2011102023233369053.pdf), generated with kicad-footprint-generator")
    (tags capacitor)
    (path /6006BE42)
    (attr smd)
    (fp_text reference C105 (at -3.048 0 180) (layer F.SilkS)
      (effects (font (size 1 1) (thickness 0.15)))
    )
    (fp_text value "10u 50V" (at 0 2.28 90) (layer F.Fab)
      (effects (font (size 1 1) (thickness 0.15)))
    )
    (fp_line (start -1.6 1.25) (end -1.6 -1.25) (layer F.Fab) (width 0.1))
    (fp_line (start -1.6 -1.25) (end 1.6 -1.25) (layer F.Fab) (width 0.1))
    (fp_line (start 1.6 -1.25) (end 1.6 1.25) (layer F.Fab) (width 0.1))
    (fp_line (start 1.6 1.25) (end -1.6 1.25) (layer F.Fab) (width 0.1))
    (fp_line (start -0.602064 -1.36) (end 0.602064 -1.36) (layer F.SilkS) (width 0.12))
    (fp_line (start -0.602064 1.36) (end 0.602064 1.36) (layer F.SilkS) (width 0.12))
    (fp_line (start -2.28 1.58) (end -2.28 -1.58) (layer F.CrtYd) (width 0.05))
    (fp_line (start -2.28 -1.58) (end 2.28 -1.58) (layer F.CrtYd) (width 0.05))
    (fp_line (start 2.28 -1.58) (end 2.28 1.58) (layer F.CrtYd) (width 0.05))
    (fp_line (start 2.28 1.58) (end -2.28 1.58) (layer F.CrtYd) (width 0.05))
    (fp_text user %R (at 0 0 90) (layer F.Fab)
      (effects (font (size 0.8 0.8) (thickness 0.12)))
    )
    (pad 2 smd roundrect (at 1.4 0 90) (size 1.25 2.65) (layers F.Cu F.Paste F.Mask) (roundrect_rratio 0.2)
      (net 1 GND))
    (pad 1 smd roundrect (at -1.4 0 90) (size 1.25 2.65) (layers F.Cu F.Paste F.Mask) (roundrect_rratio 0.2)
      (net 6 +24V))
    (model ${KISYS3DMOD}/Capacitor_SMD.3dshapes/C_1210_3225Metric.wrl
      (at (xyz 0 0 0))
      (scale (xyz 1 1 1))
      (rotate (xyz 0 0 0))
    )
  )

  (module Capacitor_SMD:C_1210_3225Metric (layer F.Cu) (tedit 5B301BBE) (tstamp 6019F27F)
    (at 99.568 64.262)
    (descr "Capacitor SMD 1210 (3225 Metric), square (rectangular) end terminal, IPC_7351 nominal, (Body size source: http://www.tortai-tech.com/upload/download/2011102023233369053.pdf), generated with kicad-footprint-generator")
    (tags capacitor)
    (path /6006BDEB)
    (attr smd)
    (fp_text reference C106 (at 3.048 -0.254 90) (layer F.SilkS)
      (effects (font (size 1 1) (thickness 0.15)))
    )
    (fp_text value "10u 50V" (at 0 2.28) (layer F.Fab)
      (effects (font (size 1 1) (thickness 0.15)))
    )
    (fp_line (start -1.6 1.25) (end -1.6 -1.25) (layer F.Fab) (width 0.1))
    (fp_line (start -1.6 -1.25) (end 1.6 -1.25) (layer F.Fab) (width 0.1))
    (fp_line (start 1.6 -1.25) (end 1.6 1.25) (layer F.Fab) (width 0.1))
    (fp_line (start 1.6 1.25) (end -1.6 1.25) (layer F.Fab) (width 0.1))
    (fp_line (start -0.602064 -1.36) (end 0.602064 -1.36) (layer F.SilkS) (width 0.12))
    (fp_line (start -0.602064 1.36) (end 0.602064 1.36) (layer F.SilkS) (width 0.12))
    (fp_line (start -2.28 1.58) (end -2.28 -1.58) (layer F.CrtYd) (width 0.05))
    (fp_line (start -2.28 -1.58) (end 2.28 -1.58) (layer F.CrtYd) (width 0.05))
    (fp_line (start 2.28 -1.58) (end 2.28 1.58) (layer F.CrtYd) (width 0.05))
    (fp_line (start 2.28 1.58) (end -2.28 1.58) (layer F.CrtYd) (width 0.05))
    (fp_text user %R (at 0 0) (layer F.Fab)
      (effects (font (size 0.8 0.8) (thickness 0.12)))
    )
    (pad 2 smd roundrect (at 1.4 0) (size 1.25 2.65) (layers F.Cu F.Paste F.Mask) (roundrect_rratio 0.2)
      (net 1 GND))
    (pad 1 smd roundrect (at -1.4 0) (size 1.25 2.65) (layers F.Cu F.Paste F.Mask) (roundrect_rratio 0.2)
      (net 7 "Net-(C106-Pad1)"))
    (model ${KISYS3DMOD}/Capacitor_SMD.3dshapes/C_1210_3225Metric.wrl
      (at (xyz 0 0 0))
      (scale (xyz 1 1 1))
      (rotate (xyz 0 0 0))
    )
  )

  (module Capacitor_SMD:C_0603_1608Metric (layer F.Cu) (tedit 5B301BBE) (tstamp 6019F290)
    (at 99.568 61.722)
    (descr "Capacitor SMD 0603 (1608 Metric), square (rectangular) end terminal, IPC_7351 nominal, (Body size source: http://www.tortai-tech.com/upload/download/2011102023233369053.pdf), generated with kicad-footprint-generator")
    (tags capacitor)
    (path /6006BDF3)
    (attr smd)
    (fp_text reference C107 (at 0 -1.43) (layer F.SilkS)
      (effects (font (size 1 1) (thickness 0.15)))
    )
    (fp_text value "100n 50V" (at 0 1.43) (layer F.Fab)
      (effects (font (size 1 1) (thickness 0.15)))
    )
    (fp_line (start 1.48 0.73) (end -1.48 0.73) (layer F.CrtYd) (width 0.05))
    (fp_line (start 1.48 -0.73) (end 1.48 0.73) (layer F.CrtYd) (width 0.05))
    (fp_line (start -1.48 -0.73) (end 1.48 -0.73) (layer F.CrtYd) (width 0.05))
    (fp_line (start -1.48 0.73) (end -1.48 -0.73) (layer F.CrtYd) (width 0.05))
    (fp_line (start -0.162779 0.51) (end 0.162779 0.51) (layer F.SilkS) (width 0.12))
    (fp_line (start -0.162779 -0.51) (end 0.162779 -0.51) (layer F.SilkS) (width 0.12))
    (fp_line (start 0.8 0.4) (end -0.8 0.4) (layer F.Fab) (width 0.1))
    (fp_line (start 0.8 -0.4) (end 0.8 0.4) (layer F.Fab) (width 0.1))
    (fp_line (start -0.8 -0.4) (end 0.8 -0.4) (layer F.Fab) (width 0.1))
    (fp_line (start -0.8 0.4) (end -0.8 -0.4) (layer F.Fab) (width 0.1))
    (fp_text user %R (at 0 0) (layer F.Fab)
      (effects (font (size 0.4 0.4) (thickness 0.06)))
    )
    (pad 1 smd roundrect (at -0.7875 0) (size 0.875 0.95) (layers F.Cu F.Paste F.Mask) (roundrect_rratio 0.25)
      (net 7 "Net-(C106-Pad1)"))
    (pad 2 smd roundrect (at 0.7875 0) (size 0.875 0.95) (layers F.Cu F.Paste F.Mask) (roundrect_rratio 0.25)
      (net 1 GND))
    (model ${KISYS3DMOD}/Capacitor_SMD.3dshapes/C_0603_1608Metric.wrl
      (at (xyz 0 0 0))
      (scale (xyz 1 1 1))
      (rotate (xyz 0 0 0))
    )
  )

  (module Capacitor_SMD:C_1210_3225Metric (layer F.Cu) (tedit 5B301BBE) (tstamp 6019F2A1)
    (at 101.2 114.1 270)
    (descr "Capacitor SMD 1210 (3225 Metric), square (rectangular) end terminal, IPC_7351 nominal, (Body size source: http://www.tortai-tech.com/upload/download/2011102023233369053.pdf), generated with kicad-footprint-generator")
    (tags capacitor)
    (path /6006C0BA)
    (attr smd)
    (fp_text reference C108 (at 2.994 0.108) (layer F.SilkS)
      (effects (font (size 1 1) (thickness 0.15)))
    )
    (fp_text value "10u 50V" (at 0 2.28 270) (layer F.Fab)
      (effects (font (size 1 1) (thickness 0.15)))
    )
    (fp_line (start -1.6 1.25) (end -1.6 -1.25) (layer F.Fab) (width 0.1))
    (fp_line (start -1.6 -1.25) (end 1.6 -1.25) (layer F.Fab) (width 0.1))
    (fp_line (start 1.6 -1.25) (end 1.6 1.25) (layer F.Fab) (width 0.1))
    (fp_line (start 1.6 1.25) (end -1.6 1.25) (layer F.Fab) (width 0.1))
    (fp_line (start -0.602064 -1.36) (end 0.602064 -1.36) (layer F.SilkS) (width 0.12))
    (fp_line (start -0.602064 1.36) (end 0.602064 1.36) (layer F.SilkS) (width 0.12))
    (fp_line (start -2.28 1.58) (end -2.28 -1.58) (layer F.CrtYd) (width 0.05))
    (fp_line (start -2.28 -1.58) (end 2.28 -1.58) (layer F.CrtYd) (width 0.05))
    (fp_line (start 2.28 -1.58) (end 2.28 1.58) (layer F.CrtYd) (width 0.05))
    (fp_line (start 2.28 1.58) (end -2.28 1.58) (layer F.CrtYd) (width 0.05))
    (fp_text user %R (at 0 0 270) (layer F.Fab)
      (effects (font (size 0.8 0.8) (thickness 0.12)))
    )
    (pad 2 smd roundrect (at 1.4 0 270) (size 1.25 2.65) (layers F.Cu F.Paste F.Mask) (roundrect_rratio 0.2)
      (net 1 GND))
    (pad 1 smd roundrect (at -1.4 0 270) (size 1.25 2.65) (layers F.Cu F.Paste F.Mask) (roundrect_rratio 0.2)
      (net 8 /VREF))
    (model ${KISYS3DMOD}/Capacitor_SMD.3dshapes/C_1210_3225Metric.wrl
      (at (xyz 0 0 0))
      (scale (xyz 1 1 1))
      (rotate (xyz 0 0 0))
    )
  )

  (module Capacitor_SMD:C_0603_1608Metric (layer F.Cu) (tedit 5B301BBE) (tstamp 6019F2B2)
    (at 103.6 114 270)
    (descr "Capacitor SMD 0603 (1608 Metric), square (rectangular) end terminal, IPC_7351 nominal, (Body size source: http://www.tortai-tech.com/upload/download/2011102023233369053.pdf), generated with kicad-footprint-generator")
    (tags capacitor)
    (path /6006C0C4)
    (attr smd)
    (fp_text reference C109 (at 0 -1.43 270) (layer F.SilkS)
      (effects (font (size 1 1) (thickness 0.15)))
    )
    (fp_text value "100n 50V" (at 0 1.43 270) (layer F.Fab)
      (effects (font (size 1 1) (thickness 0.15)))
    )
    (fp_line (start -0.8 0.4) (end -0.8 -0.4) (layer F.Fab) (width 0.1))
    (fp_line (start -0.8 -0.4) (end 0.8 -0.4) (layer F.Fab) (width 0.1))
    (fp_line (start 0.8 -0.4) (end 0.8 0.4) (layer F.Fab) (width 0.1))
    (fp_line (start 0.8 0.4) (end -0.8 0.4) (layer F.Fab) (width 0.1))
    (fp_line (start -0.162779 -0.51) (end 0.162779 -0.51) (layer F.SilkS) (width 0.12))
    (fp_line (start -0.162779 0.51) (end 0.162779 0.51) (layer F.SilkS) (width 0.12))
    (fp_line (start -1.48 0.73) (end -1.48 -0.73) (layer F.CrtYd) (width 0.05))
    (fp_line (start -1.48 -0.73) (end 1.48 -0.73) (layer F.CrtYd) (width 0.05))
    (fp_line (start 1.48 -0.73) (end 1.48 0.73) (layer F.CrtYd) (width 0.05))
    (fp_line (start 1.48 0.73) (end -1.48 0.73) (layer F.CrtYd) (width 0.05))
    (fp_text user %R (at 0 0 270) (layer F.Fab)
      (effects (font (size 0.4 0.4) (thickness 0.06)))
    )
    (pad 2 smd roundrect (at 0.7875 0 270) (size 0.875 0.95) (layers F.Cu F.Paste F.Mask) (roundrect_rratio 0.25)
      (net 1 GND))
    (pad 1 smd roundrect (at -0.7875 0 270) (size 0.875 0.95) (layers F.Cu F.Paste F.Mask) (roundrect_rratio 0.25)
      (net 8 /VREF))
    (model ${KISYS3DMOD}/Capacitor_SMD.3dshapes/C_0603_1608Metric.wrl
      (at (xyz 0 0 0))
      (scale (xyz 1 1 1))
      (rotate (xyz 0 0 0))
    )
  )

  (module Capacitor_SMD:C_0603_1608Metric (layer F.Cu) (tedit 5B301BBE) (tstamp 6019F2C3)
    (at 95.478 69.44 270)
    (descr "Capacitor SMD 0603 (1608 Metric), square (rectangular) end terminal, IPC_7351 nominal, (Body size source: http://www.tortai-tech.com/upload/download/2011102023233369053.pdf), generated with kicad-footprint-generator")
    (tags capacitor)
    (path /6006BDDA)
    (attr smd)
    (fp_text reference C110 (at -3.654 -0.788 270) (layer F.SilkS)
      (effects (font (size 1 1) (thickness 0.15)))
    )
    (fp_text value "100n 50V" (at 0 1.43 270) (layer F.Fab)
      (effects (font (size 1 1) (thickness 0.15)))
    )
    (fp_line (start 1.48 0.73) (end -1.48 0.73) (layer F.CrtYd) (width 0.05))
    (fp_line (start 1.48 -0.73) (end 1.48 0.73) (layer F.CrtYd) (width 0.05))
    (fp_line (start -1.48 -0.73) (end 1.48 -0.73) (layer F.CrtYd) (width 0.05))
    (fp_line (start -1.48 0.73) (end -1.48 -0.73) (layer F.CrtYd) (width 0.05))
    (fp_line (start -0.162779 0.51) (end 0.162779 0.51) (layer F.SilkS) (width 0.12))
    (fp_line (start -0.162779 -0.51) (end 0.162779 -0.51) (layer F.SilkS) (width 0.12))
    (fp_line (start 0.8 0.4) (end -0.8 0.4) (layer F.Fab) (width 0.1))
    (fp_line (start 0.8 -0.4) (end 0.8 0.4) (layer F.Fab) (width 0.1))
    (fp_line (start -0.8 -0.4) (end 0.8 -0.4) (layer F.Fab) (width 0.1))
    (fp_line (start -0.8 0.4) (end -0.8 -0.4) (layer F.Fab) (width 0.1))
    (fp_text user %R (at 0 0 270) (layer F.Fab)
      (effects (font (size 0.4 0.4) (thickness 0.06)))
    )
    (pad 1 smd roundrect (at -0.7875 0 270) (size 0.875 0.95) (layers F.Cu F.Paste F.Mask) (roundrect_rratio 0.25)
      (net 9 "Net-(C110-Pad1)"))
    (pad 2 smd roundrect (at 0.7875 0 270) (size 0.875 0.95) (layers F.Cu F.Paste F.Mask) (roundrect_rratio 0.25)
      (net 10 "Net-(C110-Pad2)"))
    (model ${KISYS3DMOD}/Capacitor_SMD.3dshapes/C_0603_1608Metric.wrl
      (at (xyz 0 0 0))
      (scale (xyz 1 1 1))
      (rotate (xyz 0 0 0))
    )
  )

  (module Capacitor_SMD:C_1210_3225Metric (layer F.Cu) (tedit 5B301BBE) (tstamp 600F617E)
    (at 87.216 70.338 270)
    (descr "Capacitor SMD 1210 (3225 Metric), square (rectangular) end terminal, IPC_7351 nominal, (Body size source: http://www.tortai-tech.com/upload/download/2011102023233369053.pdf), generated with kicad-footprint-generator")
    (tags capacitor)
    (path /6006BDE2)
    (attr smd)
    (fp_text reference C111 (at 3.322 -0.668) (layer F.SilkS)
      (effects (font (size 1 1) (thickness 0.15)))
    )
    (fp_text value "10u 50V" (at 0 2.28 270) (layer F.Fab)
      (effects (font (size 1 1) (thickness 0.15)))
    )
    (fp_line (start 2.28 1.58) (end -2.28 1.58) (layer F.CrtYd) (width 0.05))
    (fp_line (start 2.28 -1.58) (end 2.28 1.58) (layer F.CrtYd) (width 0.05))
    (fp_line (start -2.28 -1.58) (end 2.28 -1.58) (layer F.CrtYd) (width 0.05))
    (fp_line (start -2.28 1.58) (end -2.28 -1.58) (layer F.CrtYd) (width 0.05))
    (fp_line (start -0.602064 1.36) (end 0.602064 1.36) (layer F.SilkS) (width 0.12))
    (fp_line (start -0.602064 -1.36) (end 0.602064 -1.36) (layer F.SilkS) (width 0.12))
    (fp_line (start 1.6 1.25) (end -1.6 1.25) (layer F.Fab) (width 0.1))
    (fp_line (start 1.6 -1.25) (end 1.6 1.25) (layer F.Fab) (width 0.1))
    (fp_line (start -1.6 -1.25) (end 1.6 -1.25) (layer F.Fab) (width 0.1))
    (fp_line (start -1.6 1.25) (end -1.6 -1.25) (layer F.Fab) (width 0.1))
    (fp_text user %R (at 0 0 270) (layer F.Fab)
      (effects (font (size 0.8 0.8) (thickness 0.12)))
    )
    (pad 1 smd roundrect (at -1.4 0 270) (size 1.25 2.65) (layers F.Cu F.Paste F.Mask) (roundrect_rratio 0.2)
      (net 11 "Net-(C111-Pad1)"))
    (pad 2 smd roundrect (at 1.4 0 270) (size 1.25 2.65) (layers F.Cu F.Paste F.Mask) (roundrect_rratio 0.2)
      (net 1 GND))
    (model ${KISYS3DMOD}/Capacitor_SMD.3dshapes/C_1210_3225Metric.wrl
      (at (xyz 0 0 0))
      (scale (xyz 1 1 1))
      (rotate (xyz 0 0 0))
    )
  )

  (module Capacitor_SMD:C_1210_3225Metric (layer F.Cu) (tedit 5B301BBE) (tstamp 600F614E)
    (at 83.916 70.338 270)
    (descr "Capacitor SMD 1210 (3225 Metric), square (rectangular) end terminal, IPC_7351 nominal, (Body size source: http://www.tortai-tech.com/upload/download/2011102023233369053.pdf), generated with kicad-footprint-generator")
    (tags capacitor)
    (path /6006BE2F)
    (attr smd)
    (fp_text reference C112 (at -0.234 2.382 90) (layer F.SilkS)
      (effects (font (size 1 1) (thickness 0.15)))
    )
    (fp_text value "10u 50V" (at 0 2.28 270) (layer F.Fab)
      (effects (font (size 1 1) (thickness 0.15)))
    )
    (fp_line (start 2.28 1.58) (end -2.28 1.58) (layer F.CrtYd) (width 0.05))
    (fp_line (start 2.28 -1.58) (end 2.28 1.58) (layer F.CrtYd) (width 0.05))
    (fp_line (start -2.28 -1.58) (end 2.28 -1.58) (layer F.CrtYd) (width 0.05))
    (fp_line (start -2.28 1.58) (end -2.28 -1.58) (layer F.CrtYd) (width 0.05))
    (fp_line (start -0.602064 1.36) (end 0.602064 1.36) (layer F.SilkS) (width 0.12))
    (fp_line (start -0.602064 -1.36) (end 0.602064 -1.36) (layer F.SilkS) (width 0.12))
    (fp_line (start 1.6 1.25) (end -1.6 1.25) (layer F.Fab) (width 0.1))
    (fp_line (start 1.6 -1.25) (end 1.6 1.25) (layer F.Fab) (width 0.1))
    (fp_line (start -1.6 -1.25) (end 1.6 -1.25) (layer F.Fab) (width 0.1))
    (fp_line (start -1.6 1.25) (end -1.6 -1.25) (layer F.Fab) (width 0.1))
    (fp_text user %R (at 0 0 270) (layer F.Fab)
      (effects (font (size 0.8 0.8) (thickness 0.12)))
    )
    (pad 1 smd roundrect (at -1.4 0 270) (size 1.25 2.65) (layers F.Cu F.Paste F.Mask) (roundrect_rratio 0.2)
      (net 11 "Net-(C111-Pad1)"))
    (pad 2 smd roundrect (at 1.4 0 270) (size 1.25 2.65) (layers F.Cu F.Paste F.Mask) (roundrect_rratio 0.2)
      (net 1 GND))
    (model ${KISYS3DMOD}/Capacitor_SMD.3dshapes/C_1210_3225Metric.wrl
      (at (xyz 0 0 0))
      (scale (xyz 1 1 1))
      (rotate (xyz 0 0 0))
    )
  )

  (module Capacitor_SMD:C_0603_1608Metric (layer F.Cu) (tedit 5B301BBE) (tstamp 6019F2F6)
    (at 85.598 132.588)
    (descr "Capacitor SMD 0603 (1608 Metric), square (rectangular) end terminal, IPC_7351 nominal, (Body size source: http://www.tortai-tech.com/upload/download/2011102023233369053.pdf), generated with kicad-footprint-generator")
    (tags capacitor)
    (path /612FEEB9)
    (attr smd)
    (fp_text reference C113 (at 0 -1.43) (layer F.SilkS)
      (effects (font (size 1 1) (thickness 0.15)))
    )
    (fp_text value 100n (at 0 1.43) (layer F.Fab)
      (effects (font (size 1 1) (thickness 0.15)))
    )
    (fp_line (start -0.8 0.4) (end -0.8 -0.4) (layer F.Fab) (width 0.1))
    (fp_line (start -0.8 -0.4) (end 0.8 -0.4) (layer F.Fab) (width 0.1))
    (fp_line (start 0.8 -0.4) (end 0.8 0.4) (layer F.Fab) (width 0.1))
    (fp_line (start 0.8 0.4) (end -0.8 0.4) (layer F.Fab) (width 0.1))
    (fp_line (start -0.162779 -0.51) (end 0.162779 -0.51) (layer F.SilkS) (width 0.12))
    (fp_line (start -0.162779 0.51) (end 0.162779 0.51) (layer F.SilkS) (width 0.12))
    (fp_line (start -1.48 0.73) (end -1.48 -0.73) (layer F.CrtYd) (width 0.05))
    (fp_line (start -1.48 -0.73) (end 1.48 -0.73) (layer F.CrtYd) (width 0.05))
    (fp_line (start 1.48 -0.73) (end 1.48 0.73) (layer F.CrtYd) (width 0.05))
    (fp_line (start 1.48 0.73) (end -1.48 0.73) (layer F.CrtYd) (width 0.05))
    (fp_text user %R (at 0 0) (layer F.Fab)
      (effects (font (size 0.4 0.4) (thickness 0.06)))
    )
    (pad 2 smd roundrect (at 0.7875 0) (size 0.875 0.95) (layers F.Cu F.Paste F.Mask) (roundrect_rratio 0.25)
      (net 12 /PC7))
    (pad 1 smd roundrect (at -0.7875 0) (size 0.875 0.95) (layers F.Cu F.Paste F.Mask) (roundrect_rratio 0.25)
      (net 1 GND))
    (model ${KISYS3DMOD}/Capacitor_SMD.3dshapes/C_0603_1608Metric.wrl
      (at (xyz 0 0 0))
      (scale (xyz 1 1 1))
      (rotate (xyz 0 0 0))
    )
  )

  (module Capacitor_SMD:C_0603_1608Metric (layer F.Cu) (tedit 5B301BBE) (tstamp 6019F307)
    (at 85.344 137.922 180)
